1 0.2703125 0.221875 0.2453125 0.221875 0.2453125 0.2359375 0.2703125 0.2359375 0.2703125 0.221875
1 0.5578125 0.35625 0.528125 0.35625 0.528125 0.371875 0.5578125 0.371875 0.5578125 0.35625
1 0.29375 0.31875 0.2671875 0.31875 0.2671875 0.3375 0.29375 0.3375 0.29375 0.31875
1 0.78125 0.396875 0.75 0.396875 0.75 0.4140625 0.78125 0.4140625 0.78125 0.396875
1 0.3359375 0.3328125 0.3046875 0.3328125 0.3046875 0.3484375 0.3359375 0.3484375 0.3359375 0.3328125
1 0.5875 0.384375 0.5515625 0.384375 0.5515625 0.3984375 0.5875 0.3984375 0.5875 0.384375
1 0.55625 0.4484375 0.521875 0.4484375 0.521875 0.465625 0.55625 0.465625 0.55625 0.4484375
1 0.5109375 0.3296875 0.4796875 0.3296875 0.4796875 0.3484375 0.5109375 0.3484375 0.5109375 0.3296875
1 0.4875 0.409375 0.4546875 0.409375 0.4546875 0.440625 0.4875 0.440625 0.4875 0.409375
1 0.775 0.434375 0.7328125 0.434375 0.7328125 0.4578125 0.775 0.4578125 0.775 0.434375
1 0.3546875 0.340625 0.334375 0.340625 0.334375 0.3625 0.3546875 0.3625 0.3546875 0.340625
1 0.3828125 0.33125 0.3609375 0.33125 0.3609375 0.353125 0.3828125 0.353125 0.3828125 0.33125
1 0.48125 0.3421875 0.4578125 0.3421875 0.4578125 0.3625 0.48125 0.3625 0.48125 0.3421875
1 0.453125 0.3546875 0.43125 0.3546875 0.43125 0.375 0.453125 0.375 0.453125 0.3546875
1 0.446875 0.334375 0.4203125 0.334375 0.4203125 0.3515625 0.446875 0.3515625 0.446875 0.334375
1 0.428125 0.35 0.4046875 0.35 0.4046875 0.36875 0.428125 0.36875 0.428125 0.35
1 0.4125 0.340625 0.3859375 0.340625 0.3859375 0.3515625 0.4125 0.3515625 0.4125 0.340625
1 0.4 0.3296875 0.38125 0.3296875 0.38125 0.3421875 0.4 0.3421875 0.4 0.3296875
1 0.6140625 0.39375 0.5953125 0.39375 0.5953125 0.409375 0.6140625 0.409375 0.6140625 0.39375
1 0.615625 0.36875 0.5921875 0.36875 0.5921875 0.3890625 0.615625 0.3890625 0.615625 0.36875
1 0.6421875 0.3625 0.6171875 0.3625 0.6171875 0.384375 0.6421875 0.384375 0.6421875 0.3625
1 0.6421875 0.390625 0.61875 0.390625 0.61875 0.4078125 0.6421875 0.4078125 0.6421875 0.390625
1 0.70625 0.396875 0.6859375 0.396875 0.6859375 0.4140625 0.70625 0.4140625 0.70625 0.396875
1 0.74375 0.3921875 0.7140625 0.3921875 0.7140625 0.403125 0.74375 0.403125 0.74375 0.3921875
1 0.76875 0.3734375 0.7296875 0.3734375 0.7296875 0.3890625 0.76875 0.3890625 0.76875 0.3734375
1 0.7421875 0.35625 0.7125 0.35625 0.7125 0.378125 0.7421875 0.378125 0.7421875 0.35625
1 0.7 0.3609375 0.6796875 0.3609375 0.6796875 0.38125 0.7 0.38125 0.7 0.3609375
1 0.675 0.3515625 0.6546875 0.3515625 0.6546875 0.371875 0.675 0.371875 0.675 0.3515625
1 0.6734375 0.3859375 0.653125 0.3859375 0.653125 0.4046875 0.6734375 0.4046875 0.6734375 0.3859375
1 0.665625 0.3734375 0.64375 0.3734375 0.64375 0.3875 0.665625 0.3875 0.665625 0.3734375
1 0.2171875 0.2265625 0.1953125 0.2265625 0.1953125 0.246875 0.2171875 0.246875 0.2171875 0.2265625
1 0.16875 0.2171875 0.15 0.2171875 0.15 0.24375 0.16875 0.24375 0.16875 0.2171875
1 0.1953125 0.2203125 0.1703125 0.2203125 0.1703125 0.24375 0.1953125 0.24375 0.1953125 0.2203125
1 0.096875 0.23125 0.0765625 0.23125 0.0765625 0.24375 0.096875 0.24375 0.096875 0.23125
1 0.0609375 0.23125 0.0375 0.23125 0.0375 0.25 0.0609375 0.25 0.0609375 0.23125
1 0.1390625 0.2359375 0.1109375 0.2359375 0.1109375 0.246875 0.1390625 0.246875 0.1390625 0.2359375
1 0.3375 0.4109375 0.3078125 0.4109375 0.3078125 0.4359375 0.3375 0.4359375 0.3375 0.4109375
1 0.396875 0.4265625 0.3671875 0.4265625 0.3671875 0.4546875 0.396875 0.4546875 0.396875 0.4265625
1 0.2890625 0.421875 0.2578125 0.421875 0.2578125 0.4578125 0.2890625 0.4578125 0.2890625 0.421875
1 0.9453125 0.384375 0.915625 0.384375 0.915625 0.4109375 0.9453125 0.4109375 0.9453125 0.384375
1 0.9171875 0.3859375 0.9015625 0.3859375 0.9015625 0.4046875 0.9171875 0.4046875 0.9171875 0.3859375
1 0.8578125 0.3828125 0.8328125 0.3828125 0.8328125 0.4015625 0.8578125 0.4015625 0.8578125 0.3828125
1 0.9 0.375 0.875 0.375 0.875 0.3921875 0.9 0.3921875 0.9 0.375
1 0.875 0.3875 0.85625 0.3875 0.85625 0.4046875 0.875 0.4046875 0.875 0.3875
1 0.89375 0.3921875 0.8765625 0.3921875 0.8765625 0.40625 0.89375 0.40625 0.89375 0.3921875
1 0 0.2640625 0.025 0.2640625 0.025 0.234375 0 0.234375 0 0.2640625