1 0.840625 0.3609375 0.7625 0.3609375 0.7625 0.459375 0.840625 0.459375 0.840625 0.3609375
1 0.81875 0.5125 0.7453125 0.5125 0.7453125 0.575 0.81875 0.575 0.81875 0.5125
1 0.65625 0.5609375 0.6125 0.5609375 0.6125 0.6234375 0.65625 0.6234375 0.65625 0.5609375
1 0.628125 0.76875 0.5640625 0.76875 0.5640625 0.83125 0.628125 0.83125 0.628125 0.76875
1 0.1421875 0.7140625 0.0890625 0.7140625 0.0890625 0.7453125 0.1421875 0.7453125 0.1421875 0.7140625
1 0.6 0.5953125 0.534375 0.5953125 0.534375 0.6796875 0.6 0.6796875 0.6 0.5953125
1 0.740625 0.6359375 0.6953125 0.6359375 0.6953125 0.671875 0.740625 0.671875 0.740625 0.6359375
1 0.6984375 0.6109375 0.63125 0.6109375 0.63125 0.66875 0.6984375 0.66875 0.6984375 0.6109375
1 0.7375 0.71875 0.6984375 0.71875 0.6984375 0.7921875 0.7375 0.7921875 0.7375 0.71875
1 0.509375 0.6890625 0.484375 0.6890625 0.484375 0.7140625 0.509375 0.7140625 0.509375 0.6890625
1 0.515625 0.6203125 0.4640625 0.6203125 0.4640625 0.678125 0.515625 0.678125 0.515625 0.6203125
1 0.4484375 0.65 0.409375 0.65 0.409375 0.7078125 0.4484375 0.7078125 0.4484375 0.65
1 0.3984375 0.6984375 0.3703125 0.6984375 0.3703125 0.75 0.3984375 0.75 0.3984375 0.6984375
1 0.3703125 0.7078125 0.340625 0.7078125 0.340625 0.7640625 0.3703125 0.7640625 0.3703125 0.7078125
1 0.225 0.7375 0.1703125 0.7375 0.1703125 0.7796875 0.225 0.7796875 0.225 0.7375
1 0.0734375 0.690625 0.0359375 0.690625 0.0359375 0.721875 0.0734375 0.721875 0.0734375 0.690625
1 0.5140625 0.721875 0.465625 0.721875 0.465625 0.765625 0.5140625 0.765625 0.5140625 0.721875
1 0.4609375 0.8375 0.4421875 0.8375 0.4421875 0.875 0.4609375 0.875 0.4609375 0.8375
1 0.44375 0.8375 0.4078125 0.8375 0.4078125 0.878125 0.44375 0.878125 0.44375 0.8375
1 0.3625 0.8453125 0.3296875 0.8453125 0.3296875 0.8921875 0.3625 0.8921875 0.3625 0.8453125
1 0.1296875 0.871875 0.06875 0.871875 0.06875 0.91875 0.1296875 0.91875 0.1296875 0.871875
1 0.1359375 0.8140625 0.1046875 0.8140625 0.1046875 0.84375 0.1359375 0.84375 0.1359375 0.8140625
1 0.1796875 0.740625 0.11875 0.740625 0.11875 0.771875 0.1796875 0.771875 0.1796875 0.740625
1 0.3921875 0.8421875 0.3671875 0.8421875 0.3671875 0.86875 0.3921875 0.86875 0.3921875 0.8421875
1 0.371875 0.821875 0.35625 0.821875 0.35625 0.85 0.371875 0.85 0.371875 0.821875
1 0.175 0.825 0.15625 0.825 0.15625 0.85 0.175 0.85 0.175 0.825
1 0.1625 0.815625 0.140625 0.815625 0.140625 0.8390625 0.1625 0.8390625 0.1625 0.815625
1 0.1625 0.790625 0.1375 0.790625 0.1375 0.8171875 0.1625 0.8171875 0.1625 0.790625
1 0.475 0.809375 0.45 0.809375 0.45 0.8375 0.475 0.8375 0.475 0.809375
1 0.2703125 0.79375 0.2515625 0.79375 0.2515625 0.8359375 0.2703125 0.8359375 0.2703125 0.79375
1 0.2796875 0.8046875 0.2703125 0.8046875 0.2703125 0.83125 0.2796875 0.83125 0.2796875 0.8046875
1 0.2 0.821875 0.1828125 0.821875 0.1828125 0.8421875 0.2 0.8421875 0.2 0.821875
1 0.2015625 0.79375 0.1859375 0.79375 0.1859375 0.8171875 0.2015625 0.8171875 0.2015625 0.79375
1 0.1859375 0.796875 0.16875 0.796875 0.16875 0.825 0.1859375 0.825 0.1859375 0.796875
1 0.2453125 0.821875 0.2296875 0.821875 0.2296875 0.8484375 0.2453125 0.8484375 0.2453125 0.821875
1 0.4625 0.7546875 0.4296875 0.7546875 0.4296875 0.80625 0.4625 0.80625 0.4625 0.7546875
1 0.3234375 0.740625 0.2921875 0.740625 0.2921875 0.7765625 0.3234375 0.7765625 0.3234375 0.740625
1 0.3234375 0.6765625 0.28125 0.6765625 0.28125 0.73125 0.3234375 0.73125 0.3234375 0.6765625
1 0.6546875 0.8265625 0.6234375 0.8265625 0.6234375 0.8671875 0.6546875 0.8671875 0.6546875 0.8265625
1 0.6921875 0.8453125 0.665625 0.8453125 0.665625 0.890625 0.6921875 0.890625 0.6921875 0.8453125
1 0.7625 0.8109375 0.70625 0.8109375 0.70625 0.859375 0.7625 0.859375 0.7625 0.8109375
1 0.696875 0.7625 0.6453125 0.7625 0.6453125 0.81875 0.696875 0.81875 0.696875 0.7625
1 0.4171875 0.7734375 0.378125 0.7734375 0.378125 0.8296875 0.4171875 0.8296875 0.4171875 0.7734375
1 0.303125 0.784375 0.2796875 0.784375 0.2796875 0.809375 0.303125 0.809375 0.303125 0.784375