1 0.453125 0.659375 0.4046875 0.659375 0.4046875 0.7015625 0.453125 0.7015625 0.453125 0.659375
1 0.5484375 0.6484375 0.4953125 0.6484375 0.4953125 0.70625 0.5484375 0.70625 0.5484375 0.6484375
1 0.2828125 0.5 0.2484375 0.5 0.2484375 0.55625 0.2828125 0.55625 0.2828125 0.5
1 0.2484375 0.5921875 0.2015625 0.5921875 0.2015625 0.6453125 0.2484375 0.6453125 0.2484375 0.5921875
1 0.2765625 0.7734375 0.2203125 0.7734375 0.2203125 0.8203125 0.2765625 0.8203125 0.2765625 0.7734375
1 0.6265625 0.8828125 0.59375 0.8828125 0.59375 0.95 0.6265625 0.95 0.6265625 0.8828125
1 0.9390625 0.684375 0.884375 0.684375 0.884375 0.7234375 0.9390625 0.7234375 0.9390625 0.684375
1 0.490625 0.1875 0.44375 0.1875 0.44375 0.25 0.490625 0.25 0.490625 0.1875
1 0.5328125 0.4203125 0.4828125 0.4203125 0.4828125 0.475 0.5328125 0.475 0.5328125 0.4203125
1 0.7921875 0.4796875 0.7125 0.4796875 0.7125 0.53125 0.7921875 0.53125 0.7921875 0.4796875
1 0.1984375 0.6765625 0.1375 0.6765625 0.1375 0.721875 0.1984375 0.721875 0.1984375 0.6765625
1 0.8234375 0.3328125 0.765625 0.3328125 0.765625 0.3921875 0.8234375 0.3921875 0.8234375 0.3328125
1 0.2015625 0.81875 0.1140625 0.81875 0.1140625 0.85625 0.2015625 0.85625 0.2015625 0.81875
1 1 0.6875 0.9328125 0.6875 0.9328125 0.753125 1 0.753125 1 0.6875
1 0.065625 0.7703125 0.0109375 0.7703125 0.0109375 0.8296875 0.065625 0.8296875 0.065625 0.7703125
1 0.1046875 0.625 0.03125 0.625 0.03125 0.6921875 0.1046875 0.6921875 0.1046875 0.625
1 0.2953125 0.8484375 0.2140625 0.8484375 0.2140625 0.9125 0.2953125 0.9125 0.2953125 0.8484375
1 0.8234375 0.85 0.740625 0.85 0.740625 0.9125 0.8234375 0.9125 0.8234375 0.85
1 0.3625 0.4125 0.2734375 0.4125 0.2734375 0.4734375 0.3625 0.4734375 0.3625 0.4125
1 0.525 0.3046875 0.428125 0.3046875 0.428125 0.3578125 0.525 0.3578125 0.525 0.3046875
1 0.5421875 0.715625 0.4875 0.715625 0.4875 0.7484375 0.5421875 0.7484375 0.5421875 0.715625
1 0.59375 0.7046875 0.5421875 0.7046875 0.5421875 0.7578125 0.59375 0.7578125 0.59375 0.7046875
1 0.5703125 0.846875 0.5171875 0.846875 0.5171875 0.8859375 0.5703125 0.8859375 0.5703125 0.846875
1 0.6453125 0.8265625 0.5875 0.8265625 0.5875 0.8578125 0.6453125 0.8578125 0.6453125 0.8265625
1 0.6 0.784375 0.54375 0.784375 0.54375 0.8375 0.6 0.8375 0.6 0.784375
1 0.4390625 0.784375 0.3765625 0.784375 0.3765625 0.8546875 0.4390625 0.8546875 0.4390625 0.784375
1 0.3828125 0.79375 0.321875 0.79375 0.321875 0.8359375 0.3828125 0.8359375 0.3828125 0.79375
1 0.3640625 0.734375 0.2984375 0.734375 0.2984375 0.8046875 0.3640625 0.8046875 0.3640625 0.734375
1 0.659375 0.7140625 0.615625 0.7140625 0.615625 0.7625 0.659375 0.7625 0.659375 0.7140625
1 0.7046875 0.7265625 0.6640625 0.7265625 0.6640625 0.7609375 0.7046875 0.7609375 0.7046875 0.7265625
1 0.3515625 0.653125 0.3046875 0.653125 0.3046875 0.6859375 0.3515625 0.6859375 0.3515625 0.653125