1 0.396875 0.10625 0.3453125 0.10625 0.3453125 0.1640625 0.396875 0.1640625 0.396875 0.10625
1 0.309375 0.1625 0.2296875 0.1625 0.2296875 0.2546875 0.309375 0.2546875 0.309375 0.1625
1 0.221875 0.35 0.13125 0.35 0.13125 0.4625 0.221875 0.4625 0.221875 0.35
1 0.2921875 0.31875 0.2140625 0.31875 0.2140625 0.390625 0.2921875 0.390625 0.2921875 0.31875
1 0.509375 0.3296875 0.4578125 0.3296875 0.4578125 0.415625 0.509375 0.415625 0.509375 0.3296875
1 0.6109375 0.3296875 0.509375 0.3296875 0.509375 0.4859375 0.6109375 0.4859375 0.6109375 0.3296875
1 0.59375 0.5015625 0.5390625 0.5015625 0.5390625 0.5453125 0.59375 0.5453125 0.59375 0.5015625
1 0.6390625 0.7453125 0.5515625 0.7453125 0.5515625 0.859375 0.6390625 0.859375 0.6390625 0.7453125
1 0.1421875 0.6609375 0.0453125 0.6609375 0.0453125 0.7578125 0.1421875 0.7578125 0.1421875 0.6609375
1 0.078125 0.4171875 0.0140625 0.4171875 0.0140625 0.5125 0.078125 0.5125 0.078125 0.4171875
1 0.953125 0.3640625 0.78125 0.3640625 0.78125 0.503125 0.953125 0.503125 0.953125 0.3640625
1 0.90625 0.4984375 0.8078125 0.4984375 0.8078125 0.6671875 0.90625 0.6671875 0.90625 0.4984375