1 0.18125 0.3484375 0.1203125 0.3484375 0.1203125 0.434375 0.18125 0.434375 0.18125 0.3484375
1 0.2359375 0.3046875 0.1703125 0.3046875 0.1703125 0.3734375 0.2359375 0.3734375 0.2359375 0.3046875
1 0.4703125 0.290625 0.425 0.290625 0.425 0.375 0.4703125 0.375 0.4703125 0.290625
1 0.415625 0.3890625 0.359375 0.3890625 0.359375 0.4671875 0.415625 0.4671875 0.415625 0.3890625
1 0.5859375 0.2625 0.528125 0.2625 0.528125 0.33125 0.5859375 0.33125 0.5859375 0.2625
1 0.5421875 0.3453125 0.484375 0.3453125 0.484375 0.4015625 0.5421875 0.4015625 0.5421875 0.3453125
1 0.5046875 0.4453125 0.446875 0.4453125 0.446875 0.5171875 0.5046875 0.5171875 0.5046875 0.4453125
1 0.653125 0.30625 0.59375 0.30625 0.59375 0.3984375 0.653125 0.3984375 0.653125 0.30625
1 0.7203125 0.30625 0.6578125 0.30625 0.6578125 0.396875 0.7203125 0.396875 0.7203125 0.30625
1 0.915625 0.3 0.8640625 0.3 0.8640625 0.384375 0.915625 0.384375 0.915625 0.3
1 0.6953125 0.4015625 0.6390625 0.4015625 0.6390625 0.46875 0.6953125 0.46875 0.6953125 0.4015625
1 0.6359375 0.53125 0.553125 0.53125 0.553125 0.6234375 0.6359375 0.6234375 0.6359375 0.53125
1 0.8125 0.425 0.71875 0.425 0.71875 0.496875 0.8125 0.496875 0.8125 0.425
1 0.6953125 0.478125 0.6 0.478125 0.6 0.5171875 0.6953125 0.5171875 0.6953125 0.478125