1 0.1375 0.625 0.0875 0.625 0.0875 0.671875 0.1375 0.671875 0.1375 0.625
1 0.3734375 0.53125 0.3140625 0.53125 0.3140625 0.575 0.3734375 0.575 0.3734375 0.53125
1 0.26875 0.61875 0.215625 0.61875 0.215625 0.6453125 0.26875 0.6453125 0.26875 0.61875
1 0.3890625 0.5984375 0.33125 0.5984375 0.33125 0.6296875 0.3890625 0.6296875 0.3890625 0.5984375
1 0.265625 0.6484375 0.215625 0.6484375 0.215625 0.675 0.265625 0.675 0.265625 0.6484375
1 0.3046875 0.6546875 0.259375 0.6546875 0.259375 0.6765625 0.3046875 0.6765625 0.3046875 0.6546875
1 0.2671875 0.7296875 0.2078125 0.7296875 0.2078125 0.784375 0.2671875 0.784375 0.2671875 0.7296875
1 0.3984375 0.8484375 0.3484375 0.8484375 0.3484375 0.903125 0.3984375 0.903125 0.3984375 0.8484375
1 0.59375 0.959375 0.5640625 0.959375 0.5640625 0.9859375 0.59375 0.9859375 0.59375 0.959375
1 0.7484375 0.81875 0.68125 0.81875 0.68125 0.859375 0.7484375 0.859375 0.7484375 0.81875
1 0.859375 0.8078125 0.803125 0.8078125 0.803125 0.86875 0.859375 0.86875 0.859375 0.8078125
1 0.878125 0.728125 0.8453125 0.728125 0.8453125 0.775 0.878125 0.775 0.878125 0.728125
1 0.8765625 0.6953125 0.84375 0.6953125 0.84375 0.71875 0.8765625 0.71875 0.8765625 0.6953125
1 0.8640625 0.6359375 0.8265625 0.6359375 0.8265625 0.6640625 0.8640625 0.6640625 0.8640625 0.6359375
1 0.9171875 0.5265625 0.8578125 0.5265625 0.8578125 0.575 0.9171875 0.575 0.9171875 0.5265625
1 0.821875 0.4921875 0.7703125 0.4921875 0.7703125 0.5265625 0.821875 0.5265625 0.821875 0.4921875
1 0.66875 0.5328125 0.6375 0.5328125 0.6375 0.5703125 0.66875 0.5703125 0.66875 0.5328125
1 0.6265625 0.553125 0.584375 0.553125 0.584375 0.5875 0.6265625 0.5875 0.6265625 0.553125
1 0.540625 0.53125 0.5046875 0.53125 0.5046875 0.5640625 0.540625 0.5640625 0.540625 0.53125
1 0.515625 0.5484375 0.484375 0.5484375 0.484375 0.5765625 0.515625 0.5765625 0.515625 0.5484375
1 0.5046875 0.5953125 0.45 0.5953125 0.45 0.6265625 0.5046875 0.6265625 0.5046875 0.5953125
1 0.51875 0.6421875 0.4546875 0.6421875 0.4546875 0.665625 0.51875 0.665625 0.51875 0.6421875
1 0.5875 0.6234375 0.5375 0.6234375 0.5375 0.6625 0.5875 0.6625 0.5875 0.6234375
1 0.51875 0.75 0.4796875 0.75 0.4796875 0.7796875 0.51875 0.7796875 0.51875 0.75
1 0.634375 0.746875 0.5953125 0.746875 0.5953125 0.7890625 0.634375 0.7890625 0.634375 0.746875
1 0.7390625 0.7015625 0.6859375 0.7015625 0.6859375 0.7390625 0.7390625 0.7390625 0.7390625 0.7015625
1 0.7578125 0.6390625 0.71875 0.6390625 0.71875 0.6796875 0.7578125 0.6796875 0.7578125 0.6390625
1 0.825 0.70625 0.796875 0.70625 0.796875 0.74375 0.825 0.74375 0.825 0.70625
1 0.8078125 0.5953125 0.7625 0.5953125 0.7625 0.6265625 0.8078125 0.6265625 0.8078125 0.5953125
1 0.7265625 0.5828125 0.6890625 0.5828125 0.6890625 0.6140625 0.7265625 0.6140625 0.7265625 0.5828125
1 0.446875 0.7015625 0.4203125 0.7015625 0.4203125 0.734375 0.446875 0.734375 0.446875 0.7015625
1 0.4296875 0.7109375 0.39375 0.7109375 0.39375 0.7390625 0.4296875 0.7390625 0.4296875 0.7109375
1 0.825 0.53125 0.796875 0.53125 0.796875 0.55625 0.825 0.55625 0.825 0.53125
1 0.7984375 0.5484375 0.7734375 0.5484375 0.7734375 0.571875 0.7984375 0.571875 0.7984375 0.5484375