1 0.6328125 0.3316251828125 0.57763671875 0.3316251828125 0.57763671875 0.38360175625 0.6328125 0.38360175625 0.6328125 0.3316251828125
1 0.568359375 0.3279648609375 0.51513671875 0.3279648609375 0.51513671875 0.3799414359375 0.568359375 0.3799414359375 0.568359375 0.3279648609375
1 0.505859375 0.33748169843750003 0.45947265625 0.33748169843750003 0.45947265625 0.4004392390625 0.505859375 0.4004392390625 0.505859375 0.33748169843750003
1 0.48486328125 0.41654465625 0.4326171875 0.41654465625 0.4326171875 0.4648609078125 0.48486328125 0.4648609078125 0.48486328125 0.41654465625
1 0.56005859375 0.5409956078125 0.525390625 0.5409956078125 0.525390625 0.57833089375 0.56005859375 0.57833089375 0.56005859375 0.5409956078125
1 0.34033203125 0.6120058562499999 0.28466796875 0.6120058562499999 0.28466796875 0.6691068812500001 0.34033203125 0.6691068812500001 0.34033203125 0.6120058562499999
1 0.21923828125 0.5329428984375 0.1494140625 0.5329428984375 0.1494140625 0.5929721812500001 0.21923828125 0.5929721812500001 0.21923828125 0.5329428984375
1 0.298828125 0.3770131765625 0.2412109375 0.3770131765625 0.2412109375 0.4363103953125 0.298828125 0.4363103953125 0.298828125 0.3770131765625
1 0.32958984375 0.26427525625000003 0.279296875 0.26427525625000003 0.279296875 0.34260615 0.32958984375 0.34260615 0.32958984375 0.26427525625000003
1 0.41650390625 0.163250365625 0.35546875 0.163250365625 0.35546875 0.22767203593750002 0.41650390625 0.22767203593750002 0.41650390625 0.163250365625
1 0.376953125 0.0863836015625 0.3193359375 0.0863836015625 0.3193359375 0.1508052703125 0.376953125 0.1508052703125 0.376953125 0.0863836015625
1 0.345703125 0.0036603218749999998 0.2900390625 0.0036603218749999998 0.2900390625 0.0710102484375 0.345703125 0.0710102484375 0.345703125 0.0036603218749999998
1 0.33935546875 0.7657393859375 0.28076171875 0.7657393859375 0.28076171875 0.8052708640624999 0.33935546875 0.8052708640624999 0.33935546875 0.7657393859375