1 0.878125 0.2875 0.7609375 0.2875 0.7609375 0.34375 0.878125 0.34375 0.878125 0.2875
1 0.671875 0.134375 0.5640625 0.134375 0.5640625 0.1953125 0.671875 0.1953125 0.671875 0.134375
1 0.6 0.2875 0.5015625 0.2875 0.5015625 0.3359375 0.6 0.3359375 0.6 0.2875
1 0.778125 0.3828125 0.6796875 0.3828125 0.6796875 0.434375 0.778125 0.434375 0.778125 0.3828125
1 0.9109375 0.465625 0.80625 0.465625 0.80625 0.5125 0.9109375 0.5125 0.9109375 0.465625
1 0.478125 0.5 0.34375 0.5 0.34375 0.5671875 0.478125 0.5671875 0.478125 0.5
1 0.4375 0.59375 0.2875 0.59375 0.2875 0.6609375 0.4375 0.6609375 0.4375 0.59375
1 0 0.459375 0.1234375 0.459375 0.1234375 0.421875 0 0.421875 0 0.459375
1 0.4328125 0.5953125 0.290625 0.5953125 0.290625 0.653125 0.4328125 0.653125 0.4328125 0.5953125
1 0.7734375 0.7296875 0.671875 0.7296875 0.671875 0.778125 0.7734375 0.778125 0.7734375 0.7296875
1 0.5890625 0.3671875 0.4515625 0.3671875 0.4515625 0.421875 0.5890625 0.421875 0.5890625 0.3671875
1 0.415625 0.8109375 0.259375 0.8109375 0.259375 0.8703125 0.415625 0.8703125 0.415625 0.8109375
1 0.2890625 0.346875 0.171875 0.346875 0.171875 0.4015625 0.2890625 0.4015625 0.2890625 0.346875