1 0.587 0.724367509375 0.5525 0.724367509375 0.5525 0.741011984375 0.587 0.741011984375 0.587 0.724367509375
1 0.5875 0.7356857515625 0.554 0.7356857515625 0.554 0.7603195734375 0.5875 0.7603195734375 0.5875 0.7356857515625
1 0.58 0.5039946734375 0.5545 0.5039946734375 0.5545 0.5339547265625 0.58 0.5339547265625 0.58 0.5039946734375
1 0.5675 0.5459387484375 0.5415 0.5459387484375 0.5415 0.5692410125 0.5675 0.5692410125 0.5675 0.5459387484375
1 0.5415 0.551930759375 0.522 0.551930759375 0.522 0.57456724375 0.5415 0.57456724375 0.5415 0.551930759375
1 0.722 0.464713715625 0.6995 0.464713715625 0.6995 0.48268974687500005 0.722 0.48268974687500005 0.722 0.464713715625
1 0.713 0.4640479359375 0.6865 0.4640479359375 0.6865 0.47802929375 0.713 0.47802929375 0.713 0.4640479359375
1 0.7825 0.4294274296875 0.766 0.4294274296875 0.766 0.45472703125 0.7825 0.45472703125 0.7825 0.4294274296875
1 0.786 0.410119840625 0.7655000000000001 0.410119840625 0.7655000000000001 0.428095871875 0.786 0.428095871875 0.786 0.410119840625
1 0.7695000000000001 0.39081225 0.7495 0.39081225 0.7495 0.41411451406250005 0.7695000000000001 0.41411451406250005 0.7695000000000001 0.39081225
1 0.7205 0.38215712343749997 0.702 0.38215712343749997 0.702 0.40479360781249996 0.7205 0.40479360781249996 0.7205 0.38215712343749997
1 0.7125 0.362849534375 0.693 0.362849534375 0.693 0.382822903125 0.7125 0.382822903125 0.7125 0.362849534375
1 0.7045 0.32157123906249996 0.6885 0.32157123906249996 0.6885 0.342876165625 0.7045 0.342876165625 0.7045 0.32157123906249996
1 0.6839999999999999 0.310918775 0.6645 0.310918775 0.6645 0.333555259375 0.6839999999999999 0.333555259375 0.6839999999999999 0.310918775
1 0.665 0.33621837499999996 0.646 0.33621837499999996 0.646 0.3548601859375 0.665 0.3548601859375 0.665 0.33621837499999996
1 0.6495 0.3242343546875 0.616 0.3242343546875 0.616 0.35352862812499997 0.6495 0.35352862812499997 0.6495 0.3242343546875
1 0.572 0.2996005328125 0.557 0.2996005328125 0.557 0.3255659125 0.572 0.3255659125 0.572 0.2996005328125
1 0.5505 0.31225033281250003 0.5295 0.31225033281250003 0.5295 0.33288948125 0.5505 0.33288948125 0.5505 0.31225033281250003
1 0.519 0.3268974703125 0.49800000000000005 0.3268974703125 0.49800000000000005 0.3468708390625 0.519 0.3468708390625 0.519 0.3268974703125
1 0.53 0.35352862812499997 0.506 0.35352862812499997 0.506 0.370173103125 0.53 0.370173103125 0.53 0.35352862812499997
1 0.567 0.36950732343750003 0.5465 0.36950732343750003 0.5465 0.38748335625 0.567 0.38748335625 0.567 0.36950732343750003
1 0.5775 0.3814913453125 0.5545 0.3814913453125 0.5545 0.39813581875000004 0.5775 0.39813581875000004 0.5775 0.3814913453125
1 0.6005 0.338881490625 0.5765 0.338881490625 0.5765 0.3615179765625 0.6005 0.3615179765625 0.6005 0.338881490625
1 0.607 0.355525965625 0.584 0.355525965625 0.584 0.3741677765625 0.607 0.3741677765625 0.607 0.355525965625
1 0.623 0.3621837546875 0.5985 0.3621837546875 0.5985 0.38215712343749997 0.623 0.38215712343749997 0.623 0.3621837546875
1 0.6174999999999999 0.386151796875 0.5980000000000001 0.386151796875 0.5980000000000001 0.4054593875 0.6174999999999999 0.4054593875 0.6174999999999999 0.386151796875
1 0.604 0.40279627187499994 0.5845 0.40279627187499994 0.5845 0.42543275625000004 0.604 0.42543275625000004 0.604 0.40279627187499994
1 0.6495 0.3801597875 0.625 0.3801597875 0.625 0.40146471406249995 0.6495 0.40146471406249995 0.6495 0.3801597875
1 0.6365000000000001 0.408122503125 0.619 0.408122503125 0.619 0.42743009374999996 0.6365000000000001 0.42743009374999996 0.6365000000000001 0.408122503125
1 0.646 0.400798934375 0.624 0.400798934375 0.624 0.417443409375 0.646 0.417443409375 0.646 0.400798934375
1 0.6599999999999999 0.4114513984375 0.642 0.4114513984375 0.642 0.43541944062500004 0.6599999999999999 0.43541944062500004 0.6599999999999999 0.4114513984375
1 0.708 0.4167776296875 0.6839999999999999 0.4167776296875 0.6839999999999999 0.43941411406249997 0.708 0.43941411406249997 0.708 0.4167776296875
1 0.686 0.3841544609375 0.663 0.3841544609375 0.663 0.4087882828125 0.686 0.4087882828125 0.686 0.3841544609375
1 0.6865 0.3768308921875 0.667 0.3768308921875 0.667 0.3921438078125 0.6865 0.3921438078125 0.6865 0.3768308921875
1 0.6809999999999999 0.366178428125 0.661 0.366178428125 0.661 0.388149134375 0.6809999999999999 0.388149134375 0.6809999999999999 0.366178428125
1 0.688 0.3495339546875 0.67 0.3495339546875 0.67 0.36950732343750003 0.688 0.36950732343750003 0.688 0.3495339546875