1 0.2046875 0.4328125 0.1203125 0.4328125 0.1203125 0.49375 0.2046875 0.49375 0.2046875 0.4328125
1 0.56875 0.384375 0.4859375 0.384375 0.4859375 0.4546875 0.56875 0.4546875 0.56875 0.384375
1 0.446875 0.5125 0.3765625 0.5125 0.3765625 0.584375 0.446875 0.584375 0.446875 0.5125
1 0.3453125 0.5703125 0.2609375 0.5703125 0.2609375 0.6203125 0.3453125 0.6203125 0.3453125 0.5703125
1 0.0875 0.575 0.0078125 0.575 0.0078125 0.63125 0.0875 0.63125 0.0875 0.575
1 0 0.5765625 0.053125 0.5765625 0.053125 0.5109375 0 0.5109375 0 0.5765625
1 0.5609375 0.5078125 0.4703125 0.5078125 0.4703125 0.5515625 0.5609375 0.5515625 0.5609375 0.5078125
1 0.6484375 0.5046875 0.578125 0.5046875 0.578125 0.596875 0.6484375 0.596875 0.6484375 0.5046875
1 0.86875 0.4828125 0.796875 0.4828125 0.796875 0.534375 0.86875 0.534375 0.86875 0.4828125
1 0.8875 0.6328125 0.8453125 0.6328125 0.8453125 0.6875 0.8875 0.6875 0.8875 0.6328125
1 0.846875 0.653125 0.80625 0.653125 0.80625 0.7 0.846875 0.7 0.846875 0.653125
1 0.715625 0.496875 0.653125 0.496875 0.653125 0.5359375 0.715625 0.5359375 0.715625 0.496875
1 0.8 0.5015625 0.7359375 0.5015625 0.7359375 0.5703125 0.8 0.5703125 0.8 0.5015625
1 0.78125 0.59375 0.696875 0.59375 0.696875 0.6546875 0.78125 0.6546875 0.78125 0.59375
1 0.7171875 0.5296875 0.6640625 0.5296875 0.6640625 0.584375 0.7171875 0.584375 0.7171875 0.5296875