1 0.6625 0.3640625 0.628125 0.3640625 0.628125 0.4453125 0.6625 0.4453125 0.6625 0.3640625
1 0.621875 0.4640625 0.590625 0.4640625 0.590625 0.5359375 0.621875 0.5359375 0.621875 0.4640625
1 0.584375 0.4796875 0.55625 0.4796875 0.55625 0.534375 0.584375 0.534375 0.584375 0.4796875
1 0.65 0.5859375 0.615625 0.5859375 0.615625 0.653125 0.65 0.653125 0.65 0.5859375
1 0.753125 0.60625 0.7203125 0.60625 0.7203125 0.6921875 0.753125 0.6921875 0.753125 0.60625
1 0.7953125 0.6609375 0.7625 0.6609375 0.7625 0.715625 0.7953125 0.715625 0.7953125 0.6609375
1 0.85 0.5921875 0.8140625 0.5921875 0.8140625 0.684375 0.85 0.684375 0.85 0.5921875
1 0.875 0.528125 0.8421875 0.528125 0.8421875 0.5828125 0.875 0.5828125 0.875 0.528125
1 0.9140625 0.5109375 0.88125 0.5109375 0.88125 0.5734375 0.9140625 0.5734375 0.9140625 0.5109375
1 0.9625 0.7671875 0.9234375 0.7671875 0.9234375 0.8375 0.9625 0.8375 0.9625 0.7671875
1 0.978125 0.6359375 0.9453125 0.6359375 0.9453125 0.721875 0.978125 0.721875 0.978125 0.6359375
1 1 0.6421875 0.9796875 0.6421875 0.9796875 0.7125 1 0.7125 1 0.6421875
1 0.8640625 0.696875 0.8296875 0.696875 0.8296875 0.740625 0.8640625 0.740625 0.8640625 0.696875
1 0.509375 0.428125 0.4609375 0.428125 0.4609375 0.496875 0.509375 0.496875 0.509375 0.428125
1 0.4578125 0.415625 0.4265625 0.415625 0.4265625 0.5109375 0.4578125 0.5109375 0.4578125 0.415625
1 0.35 0.546875 0.3125 0.546875 0.3125 0.609375 0.35 0.609375 0.35 0.546875
1 0.2859375 0.3578125 0.2484375 0.3578125 0.2484375 0.4140625 0.2859375 0.4140625 0.2859375 0.3578125
1 0.396875 0.209375 0.3578125 0.209375 0.3578125 0.2671875 0.396875 0.2671875 0.396875 0.209375
1 0.3625 0.234375 0.3265625 0.234375 0.3265625 0.3125 0.3625 0.3125 0.3625 0.234375
1 0.26875 0.1265625 0.2328125 0.1265625 0.2328125 0.2046875 0.26875 0.2046875 0.26875 0.1265625
1 0.190625 0.128125 0.14375 0.128125 0.14375 0.184375 0.190625 0.184375 0.190625 0.128125
1 0 0.103125 0.0703125 0.103125 0.0703125 0.03125 0 0.03125 0 0.103125
1 0.1828125 0.3203125 0.146875 0.3203125 0.146875 0.390625 0.1828125 0.390625 0.1828125 0.3203125
1 0.240625 0.3109375 0.19375 0.3109375 0.19375 0.378125 0.240625 0.378125 0.240625 0.3109375
1 0.2171875 0.48125 0.1859375 0.48125 0.1859375 0.559375 0.2171875 0.559375 0.2171875 0.48125
1 0.1875 0.4953125 0.159375 0.4953125 0.159375 0.5671875 0.1875 0.5671875 0.1875 0.4953125
1 0 0.51875 0.0359375 0.51875 0.0359375 0.4625 0 0.4625 0 0.51875
1 0.0984375 0.41875 0.059375 0.41875 0.059375 0.4625 0.0984375 0.4625 0.0984375 0.41875
1 0.0484375 0.3109375 0.0125 0.3109375 0.0125 0.3875 0.0484375 0.3875 0.0484375 0.3109375
1 0.1078125 0.28125 0.071875 0.28125 0.071875 0.35 0.1078125 0.35 0.1078125 0.28125
1 0.1265625 0.2421875 0.09375 0.2421875 0.09375 0.2890625 0.1265625 0.2890625 0.1265625 0.2421875
1 0.0953125 0.353125 0.0546875 0.353125 0.0546875 0.4125 0.0953125 0.4125 0.0953125 0.353125
1 0.215625 0.1921875 0.171875 0.1921875 0.171875 0.2625 0.215625 0.2625 0.215625 0.1921875
1 0.2234375 0.0015625 0.1875 0.0015625 0.1875 0.0796875 0.2234375 0.0796875 0.2234375 0.0015625
1 0.26875 0 0.26875 0.0765625 0.3 0.0765625 0.3 0 0.26875 0
1 0.384375 0.0484375 0.340625 0.0484375 0.340625 0.0953125 0.384375 0.0953125 0.384375 0.0484375
1 0.44375 0.1046875 0.4 0.1046875 0.4 0.1734375 0.44375 0.1734375 0.44375 0.1046875
1 0.521875 0.0265625 0.4796875 0.0265625 0.4796875 0.1203125 0.521875 0.1203125 0.521875 0.0265625
1 0.4796875 0.134375 0.44375 0.134375 0.44375 0.2109375 0.4796875 0.2109375 0.4796875 0.134375
1 0.521875 0.134375 0.4828125 0.134375 0.4828125 0.2 0.521875 0.2 0.521875 0.134375
1 0.584375 0.1421875 0.5515625 0.1421875 0.5515625 0.209375 0.584375 0.209375 0.584375 0.1421875
1 0.628125 0.0734375 0.5890625 0.0734375 0.5890625 0.1859375 0.628125 0.1859375 0.628125 0.0734375
1 0.69375 0.109375 0.659375 0.109375 0.659375 0.1734375 0.69375 0.1734375 0.69375 0.109375
1 0.65625 0.19375 0.6171875 0.19375 0.6171875 0.265625 0.65625 0.265625 0.65625 0.19375
1 0.365625 0.378125 0.3234375 0.378125 0.3234375 0.4484375 0.365625 0.4484375 0.365625 0.378125
1 0.375 0.446875 0.3359375 0.446875 0.3359375 0.51875 0.375 0.51875 0.375 0.446875
1 0.0765625 0.16875 0.0328125 0.16875 0.0328125 0.2375 0.0765625 0.2375 0.0765625 0.16875
1 0.0921875 0.2296875 0.065625 0.2296875 0.065625 0.2859375 0.0921875 0.2859375 0.0921875 0.2296875
1 0.128125 0.1578125 0.09375 0.1578125 0.09375 0.2265625 0.128125 0.2265625 0.128125 0.1578125
1 0.7890625 0.2234375 0.7546875 0.2234375 0.7546875 0.303125 0.7890625 0.303125 0.7890625 0.2234375
1 0.875 0.0265625 0.83125 0.0265625 0.83125 0.128125 0.875 0.128125 0.875 0.0265625
1 0.9140625 0.15625 0.878125 0.15625 0.878125 0.209375 0.9140625 0.209375 0.9140625 0.15625
1 0.9546875 0.24375 0.9265625 0.24375 0.9265625 0.3203125 0.9546875 0.3203125 0.9546875 0.24375
1 0.91875 0.3265625 0.884375 0.3265625 0.884375 0.41875 0.91875 0.41875 0.91875 0.3265625
1 0.890625 0.3671875 0.8515625 0.3671875 0.8515625 0.4375 0.890625 0.4375 0.890625 0.3671875
1 1 0.3234375 0.959375 0.3234375 0.959375 0.39375 1 0.39375 1 0.3234375
1 0.8828125 0.221875 0.85 0.221875 0.85 0.2828125 0.8828125 0.2828125 0.8828125 0.221875
1 0.81875 0.165625 0.790625 0.165625 0.790625 0.2390625 0.81875 0.2390625 0.81875 0.165625
1 0.8375 0.0921875 0.809375 0.0921875 0.809375 0.196875 0.8375 0.196875 0.8375 0.0921875
1 0.2640625 0.6828125 0.23125 0.6828125 0.23125 0.7375 0.2640625 0.7375 0.2640625 0.6828125
1 0.3875 0.00625 0.3328125 0.00625 0.3328125 0.0453125 0.3875 0.0453125 0.3875 0.00625
1 0.921875 0.2453125 0.884375 0.2453125 0.884375 0.3140625 0.921875 0.3140625 0.921875 0.2453125