1 0.2984375 0.1078125 0.2734375 0.1078125 0.2734375 0.1359375 0.2984375 0.1359375 0.2984375 0.1078125
1 0.3953125 0.109375 0.371875 0.109375 0.371875 0.1546875 0.3953125 0.1546875 0.3953125 0.109375
1 0.4609375 0.0984375 0.4359375 0.0984375 0.4359375 0.13125 0.4609375 0.13125 0.4609375 0.0984375
1 0.5015625 0.1140625 0.4734375 0.1140625 0.4734375 0.14375 0.5015625 0.14375 0.5015625 0.1140625
1 0.4671875 0.1453125 0.4453125 0.1453125 0.4453125 0.1765625 0.4671875 0.1765625 0.4671875 0.1453125
1 0.5484375 0.2015625 0.521875 0.2015625 0.521875 0.2453125 0.5484375 0.2453125 0.5484375 0.2015625
1 0.6296875 0.2421875 0.609375 0.2421875 0.609375 0.275 0.6296875 0.275 0.6296875 0.2421875
1 0.8375 0.26875 0.80625 0.26875 0.80625 0.3015625 0.8375 0.3015625 0.8375 0.26875
1 0.6328125 0.2890625 0.609375 0.2890625 0.609375 0.3125 0.6328125 0.3125 0.6328125 0.2890625
1 0.4453125 0.21875 0.4265625 0.21875 0.4265625 0.2390625 0.4453125 0.2390625 0.4453125 0.21875
1 0.4734375 0.30625 0.45625 0.30625 0.45625 0.3375 0.4734375 0.3375 0.4734375 0.30625
1 0.340625 0.0078125 0.3171875 0.0078125 0.3171875 0.03125 0.340625 0.03125 0.340625 0.0078125
1 0.2125 0.1125 0.190625 0.1125 0.190625 0.140625 0.2125 0.140625 0.2125 0.1125
1 0.2859375 0.1859375 0.2625 0.1859375 0.2625 0.203125 0.2859375 0.203125 0.2859375 0.1859375
1 0.2578125 0.1984375 0.2375 0.1984375 0.2375 0.2203125 0.2578125 0.2203125 0.2578125 0.1984375
1 0.225 0.165625 0.20625 0.165625 0.20625 0.1859375 0.225 0.1859375 0.225 0.165625
1 0.0859375 0.015625 0.0609375 0.015625 0.0609375 0.0390625 0.0859375 0.0390625 0.0859375 0.015625
1 0.0859375 0.0984375 0.05625 0.0984375 0.05625 0.125 0.0859375 0.125 0.0859375 0.0984375
1 0.03125 0.1515625 0.0046875 0.1515625 0.0046875 0.178125 0.03125 0.178125 0.03125 0.1515625
1 0.0484375 0.19375 0.0234375 0.19375 0.0234375 0.2203125 0.0484375 0.2203125 0.0484375 0.19375
1 0.090625 0.19375 0.071875 0.19375 0.071875 0.221875 0.090625 0.221875 0.090625 0.19375
1 0.115625 0.2015625 0.0953125 0.2015625 0.0953125 0.228125 0.115625 0.228125 0.115625 0.2015625
1 0.1640625 0.2015625 0.1484375 0.2015625 0.1484375 0.2234375 0.1640625 0.2234375 0.1640625 0.2015625
1 0.1828125 0.1953125 0.1625 0.1953125 0.1625 0.225 0.1828125 0.225 0.1828125 0.1953125
1 0.1609375 0.25 0.1453125 0.25 0.1453125 0.26875 0.1609375 0.26875 0.1609375 0.25
1 0.1328125 0.29375 0.1125 0.29375 0.1125 0.3171875 0.1328125 0.3171875 0.1328125 0.29375
1 0.1484375 0.3359375 0.13125 0.3359375 0.13125 0.35625 0.1484375 0.35625 0.1484375 0.3359375
1 0.1 0.35 0.084375 0.35 0.084375 0.3796875 0.1 0.3796875 0.1 0.35
1 0.2 0.34375 0.1828125 0.34375 0.1828125 0.365625 0.2 0.365625 0.2 0.34375
1 0.2390625 0.321875 0.21875 0.321875 0.21875 0.3484375 0.2390625 0.3484375 0.2390625 0.321875
1 0.26875 0.2859375 0.246875 0.2859375 0.246875 0.3078125 0.26875 0.3078125 0.26875 0.2859375
1 0.225 0.3625 0.2046875 0.3625 0.2046875 0.378125 0.225 0.378125 0.225 0.3625
1 0.30625 0.315625 0.2875 0.315625 0.2875 0.3390625 0.30625 0.3390625 0.30625 0.315625
1 0.309375 0.3484375 0.2890625 0.3484375 0.2890625 0.36875 0.309375 0.36875 0.309375 0.3484375
1 0.34375 0.378125 0.3234375 0.378125 0.3234375 0.4 0.34375 0.4 0.34375 0.378125
1 0.2875 0.46875 0.265625 0.46875 0.265625 0.4921875 0.2875 0.4921875 0.2875 0.46875
1 0.146875 0.4265625 0.128125 0.4265625 0.128125 0.4453125 0.146875 0.4453125 0.146875 0.4265625
1 0.1390625 0.4546875 0.11875 0.4546875 0.11875 0.475 0.1390625 0.475 0.1390625 0.4546875
1 0.18125 0.659375 0.1578125 0.659375 0.1578125 0.6828125 0.18125 0.6828125 0.18125 0.659375
1 0.203125 0.64375 0.1796875 0.64375 0.1796875 0.665625 0.203125 0.665625 0.203125 0.64375
1 0.2046875 0.6140625 0.18125 0.6140625 0.18125 0.634375 0.2046875 0.634375 0.2046875 0.6140625
1 0.1609375 0.5203125 0.1421875 0.5203125 0.1421875 0.5484375 0.1609375 0.5484375 0.1609375 0.5203125
1 0.2921875 0.6859375 0.2703125 0.6859375 0.2703125 0.7140625 0.2921875 0.7140625 0.2921875 0.6859375
1 0.546875 0.853125 0.5265625 0.853125 0.5265625 0.8765625 0.546875 0.8765625 0.546875 0.853125
1 0.6640625 0.8125 0.6484375 0.8125 0.6484375 0.8328125 0.6640625 0.8328125 0.6640625 0.8125
1 0.6875 0.90625 0.6640625 0.90625 0.6640625 0.93125 0.6875 0.93125 0.6875 0.90625
1 0.715625 0.8953125 0.7 0.8953125 0.7 0.91875 0.715625 0.91875 0.715625 0.8953125
1 0.66875 0.6453125 0.653125 0.6453125 0.653125 0.6671875 0.66875 0.6671875 0.66875 0.6453125
1 0.6484375 0.6421875 0.625 0.6421875 0.625 0.6625 0.6484375 0.6625 0.6484375 0.6421875
1 0.653125 0.68125 0.6296875 0.68125 0.6296875 0.7046875 0.653125 0.7046875 0.653125 0.68125
1 0.7421875 0.740625 0.7296875 0.740625 0.7296875 0.7609375 0.7421875 0.7609375 0.7421875 0.740625
1 0.7265625 0.521875 0.70625 0.521875 0.70625 0.5421875 0.7265625 0.5421875 0.7265625 0.521875
1 0.7375 0.496875 0.7171875 0.496875 0.7171875 0.521875 0.7375 0.521875 0.7375 0.496875
1 0.6703125 0.5109375 0.65 0.5109375 0.65 0.528125 0.6703125 0.528125 0.6703125 0.5109375
1 0.8578125 0.496875 0.8375 0.496875 0.8375 0.5140625 0.8578125 0.5140625 0.8578125 0.496875
1 0.9265625 0.490625 0.90625 0.490625 0.90625 0.5109375 0.9265625 0.5109375 0.9265625 0.490625
1 0.8890625 0.5921875 0.8703125 0.5921875 0.8703125 0.6203125 0.8890625 0.6203125 0.8890625 0.5921875
1 0.96875 0.640625 0.9484375 0.640625 0.9484375 0.675 0.96875 0.675 0.96875 0.640625
1 0.9046875 0.6984375 0.88125 0.6984375 0.88125 0.721875 0.9046875 0.721875 0.9046875 0.6984375
1 0.7796875 0.628125 0.7640625 0.628125 0.7640625 0.6484375 0.7796875 0.6484375 0.7796875 0.628125
1 0.840625 0.778125 0.8234375 0.778125 0.8234375 0.8 0.840625 0.8 0.840625 0.778125
1 0.8890625 0.7515625 0.86875 0.7515625 0.86875 0.771875 0.8890625 0.771875 0.8890625 0.7515625
1 0.909375 0.7890625 0.884375 0.7890625 0.884375 0.8125 0.909375 0.8125 0.909375 0.7890625
1 0.9765625 0.7609375 0.9546875 0.7609375 0.9546875 0.7921875 0.9765625 0.7921875 0.9765625 0.7609375
1 0.996875 0.790625 0.978125 0.790625 0.978125 0.809375 0.996875 0.809375 0.996875 0.790625
1 0.996875 0.821875 0.9765625 0.821875 0.9765625 0.853125 0.996875 0.853125 0.996875 0.821875
1 0.9671875 0.8640625 0.95 0.8640625 0.95 0.8828125 0.9671875 0.8828125 0.9671875 0.8640625
1 0.9921875 0.934375 0.9703125 0.934375 0.9703125 0.9578125 0.9921875 0.9578125 0.9921875 0.934375
1 0.759375 0.778125 0.74375 0.778125 0.74375 0.7984375 0.759375 0.7984375 0.759375 0.778125
1 0.7421875 0.7984375 0.725 0.7984375 0.725 0.8234375 0.7421875 0.8234375 0.7421875 0.7984375
1 0.778125 0.8015625 0.7578125 0.8015625 0.7578125 0.8265625 0.778125 0.8265625 0.778125 0.8015625
1 0.7765625 0.8234375 0.753125 0.8234375 0.753125 0.840625 0.7765625 0.840625 0.7765625 0.8234375
1 0.78125 0.8984375 0.7671875 0.8984375 0.7671875 0.91875 0.78125 0.91875 0.78125 0.8984375
1 0.8109375 0.8984375 0.7859375 0.8984375 0.7859375 0.9203125 0.8109375 0.9203125 0.8109375 0.8984375
1 0.7890625 0.840625 0.7671875 0.840625 0.7671875 0.859375 0.7890625 0.859375 0.7890625 0.840625
1 0.7671875 0.8453125 0.7546875 0.8453125 0.7546875 0.8609375 0.7671875 0.8609375 0.7671875 0.8453125
1 0.7875 0.86875 0.7703125 0.86875 0.7703125 0.89375 0.7875 0.89375 0.7875 0.86875
1 0.8453125 0.903125 0.8296875 0.903125 0.8296875 0.9203125 0.8453125 0.9203125 0.8453125 0.903125
1 0.8484375 0.9203125 0.8265625 0.9203125 0.8265625 0.94375 0.8484375 0.94375 0.8484375 0.9203125
1 1 0.9734375 0.9875 0.9734375 0.9875 1 1 1 1 0.9734375