1 0.365625 0.05 0.25625 0.05 0.25625 0.1078125 0.365625 0.1078125 0.365625 0.05
1 0.1453125 0.028125 0.0578125 0.028125 0.0578125 0.0875 0.1453125 0.0875 0.1453125 0.028125
1 0.646875 0.10625 0.5578125 0.10625 0.5578125 0.1515625 0.646875 0.1515625 0.646875 0.10625
1 0.696875 0 0.696875 0.0671875 0.8375 0.0671875 0.8375 0 0.696875 0
1 0.95 0.1296875 0.8171875 0.1296875 0.8171875 0.19375 0.95 0.19375 0.95 0.1296875
1 1 0.234375 0.896875 0.234375 0.896875 0.3 1 0.3 1 0.234375
1 0.5828125 0.1859375 0.4984375 0.1859375 0.4984375 0.234375 0.5828125 0.234375 0.5828125 0.1859375
1 0.340625 0.1953125 0.265625 0.1953125 0.265625 0.225 0.340625 0.225 0.340625 0.1953125
1 0.15625 0.2625 0.0734375 0.2625 0.0734375 0.3171875 0.15625 0.3171875 0.15625 0.2625
1 0.471875 0.3015625 0.3359375 0.3015625 0.3359375 0.3953125 0.471875 0.3953125 0.471875 0.3015625
1 0.76875 0.275 0.628125 0.275 0.628125 0.3734375 0.76875 0.3734375 0.76875 0.275
1 1 0.36875 0.9234375 0.36875 0.9234375 0.534375 1 0.534375 1 0.36875
1 0.815625 0.4578125 0.7375 0.4578125 0.7375 0.559375 0.815625 0.559375 0.815625 0.4578125
1 0.6734375 0.4109375 0.575 0.4109375 0.575 0.48125 0.6734375 0.48125 0.6734375 0.4109375
1 0.3171875 0.3453125 0.1453125 0.3453125 0.1453125 0.4140625 0.3171875 0.4140625 0.3171875 0.3453125
1 0.3109375 0.4140625 0.196875 0.4140625 0.196875 0.4890625 0.3109375 0.4890625 0.3109375 0.4140625
1 0 0.475 0.08125 0.475 0.08125 0.384375 0 0.384375 0 0.475
1 0.1890625 0.571875 0.121875 0.571875 0.121875 0.628125 0.1890625 0.628125 0.1890625 0.571875
1 0.48125 0.5390625 0.3890625 0.5390625 0.3890625 0.59375 0.48125 0.59375 0.48125 0.5390625
1 0.6671875 0.590625 0.60625 0.590625 0.60625 0.653125 0.6671875 0.653125 0.6671875 0.590625
1 0.8453125 0.6703125 0.7703125 0.6703125 0.7703125 0.734375 0.8453125 0.734375 0.8453125 0.6703125
1 0.4703125 0.653125 0.33125 0.653125 0.33125 0.7796875 0.4703125 0.7796875 0.4703125 0.653125
1 0.321875 0.7546875 0.1859375 0.7546875 0.1859375 0.8421875 0.321875 0.8421875 0.321875 0.7546875
1 0.08125 0.6828125 0.03125 0.6828125 0.03125 0.7703125 0.08125 0.7703125 0.08125 0.6828125
1 0 0.9765625 0.0515625 0.9765625 0.0515625 0.8953125 0 0.8953125 0 0.9765625
1 0.2359375 0.9328125 0.1265625 0.9328125 0.1265625 0.99375 0.2359375 0.99375 0.2359375 0.9328125
1 0.465625 0.8796875 0.36875 0.8796875 0.36875 0.91875 0.465625 0.91875 0.465625 0.8796875
1 0.60625 0.746875 0.53125 0.746875 0.53125 0.80625 0.60625 0.80625 0.60625 0.746875
1 0.68125 0.8109375 0.5921875 0.8109375 0.5921875 0.840625 0.68125 0.840625 0.68125 0.8109375
1 0.9046875 0.78125 0.8125 0.78125 0.8125 0.821875 0.9046875 0.821875 0.9046875 0.78125
1 0.984375 0.834375 0.8703125 0.834375 0.8703125 0.8859375 0.984375 0.8859375 0.984375 0.834375
1 0.9046875 1 0.9046875 0.95625 0.828125 0.95625 0.828125 1 0.9046875 1