1 0.5421875 0.44375 0.475 0.44375 0.475 0.5046875 0.5421875 0.5046875 0.5421875 0.44375
1 0.50625 0.5140625 0.45 0.5140625 0.45 0.55 0.50625 0.55 0.50625 0.5140625
1 0.4359375 0.546875 0.3828125 0.546875 0.3828125 0.578125 0.4359375 0.578125 0.4359375 0.546875
1 0.440625 0.5828125 0.3796875 0.5828125 0.3796875 0.6171875 0.440625 0.6171875 0.440625 0.5828125
1 0.38125 0.5890625 0.328125 0.5890625 0.328125 0.625 0.38125 0.625 0.38125 0.5890625
1 0.31875 0.628125 0.2625 0.628125 0.2625 0.6640625 0.31875 0.6640625 0.31875 0.628125
1 0.2515625 0.6390625 0.20625 0.6390625 0.20625 0.6734375 0.2515625 0.6734375 0.2515625 0.6390625
1 0.275 0.6671875 0.2296875 0.6671875 0.2296875 0.709375 0.275 0.709375 0.275 0.6671875
1 0.1015625 0.740625 0.0453125 0.740625 0.0453125 0.7765625 0.1015625 0.7765625 0.1015625 0.740625
1 0.0703125 0.7875 0.0234375 0.7875 0.0234375 0.834375 0.0703125 0.834375 0.0703125 0.7875
1 0.0859375 0.84375 0.0296875 0.84375 0.0296875 0.8828125 0.0859375 0.8828125 0.0859375 0.84375
1 0.1171875 0.78125 0.075 0.78125 0.075 0.8109375 0.1171875 0.8109375 0.1171875 0.78125
1 0.1625 0.80625 0.11875 0.80625 0.11875 0.840625 0.1625 0.840625 0.1625 0.80625
1 0.2078125 0.7734375 0.1625 0.7734375 0.1625 0.8125 0.2078125 0.8125 0.2078125 0.7734375
1 0.1828125 0.725 0.1265625 0.725 0.1265625 0.76875 0.1828125 0.76875 0.1828125 0.725
1 0.2421875 0.6984375 0.1890625 0.6984375 0.1890625 0.74375 0.2421875 0.74375 0.2421875 0.6984375
1 0.275 0.740625 0.2171875 0.740625 0.2171875 0.76875 0.275 0.76875 0.275 0.740625
1 0.34375 0.7234375 0.2921875 0.7234375 0.2921875 0.7546875 0.34375 0.7546875 0.34375 0.7234375
1 0.4078125 0.6796875 0.35 0.6796875 0.35 0.73125 0.4078125 0.73125 0.4078125 0.6796875
1 0.46875 0.6359375 0.4 0.6359375 0.4 0.678125 0.46875 0.678125 0.46875 0.6359375
1 0.3578125 0.653125 0.30625 0.653125 0.30625 0.6828125 0.3578125 0.6828125 0.3578125 0.653125
1 0.5953125 0.378125 0.5453125 0.378125 0.5453125 0.4296875 0.5953125 0.4296875 0.5953125 0.378125
1 0.6484375 0.309375 0.5765625 0.309375 0.5765625 0.365625 0.6484375 0.365625 0.6484375 0.309375
1 0.615625 0.4359375 0.54375 0.4359375 0.54375 0.4890625 0.615625 0.4890625 0.615625 0.4359375
1 0.7 0.3671875 0.6421875 0.3671875 0.6421875 0.4125 0.7 0.4125 0.7 0.3671875
1 0.6765625 0.425 0.625 0.425 0.625 0.478125 0.6765625 0.478125 0.6765625 0.425
1 0.7078125 0.4359375 0.678125 0.4359375 0.678125 0.484375 0.7078125 0.484375 0.7078125 0.4359375
1 0.7921875 0.40625 0.7109375 0.40625 0.7109375 0.453125 0.7921875 0.453125 0.7921875 0.40625
1 0.7515625 0.3421875 0.703125 0.3421875 0.703125 0.3890625 0.7515625 0.3890625 0.7515625 0.3421875
1 0.79375 0.334375 0.753125 0.334375 0.753125 0.3875 0.79375 0.3875 0.79375 0.334375
1 0.890625 0.3921875 0.8234375 0.3921875 0.8234375 0.459375 0.890625 0.459375 0.890625 0.3921875
1 0.8171875 0.4609375 0.759375 0.4609375 0.759375 0.503125 0.8171875 0.503125 0.8171875 0.4609375
1 0.79375 0.5078125 0.73125 0.5078125 0.73125 0.54375 0.79375 0.54375 0.79375 0.5078125
1 0.8734375 0.5484375 0.809375 0.5484375 0.809375 0.5953125 0.8734375 0.5953125 0.8734375 0.5484375
1 0.8078125 0.5546875 0.75625 0.5546875 0.75625 0.59375 0.8078125 0.59375 0.8078125 0.5546875
1 0.809375 0.60625 0.7421875 0.60625 0.7421875 0.640625 0.809375 0.640625 0.809375 0.60625
1 0.846875 0.6703125 0.784375 0.6703125 0.784375 0.6984375 0.846875 0.6984375 0.846875 0.6703125
1 0.8875 0.7703125 0.825 0.7703125 0.825 0.8109375 0.8875 0.8109375 0.8875 0.7703125
1 0.784375 0.7515625 0.746875 0.7515625 0.746875 0.7796875 0.784375 0.7796875 0.784375 0.7515625
1 0.7453125 0.7078125 0.690625 0.7078125 0.690625 0.74375 0.7453125 0.74375 0.7453125 0.7078125
1 0.7484375 0.7859375 0.690625 0.7859375 0.690625 0.8296875 0.7484375 0.8296875 0.7484375 0.7859375
1 0.8046875 0.8015625 0.7546875 0.8015625 0.7546875 0.8390625 0.8046875 0.8390625 0.8046875 0.8015625
1 0.75 0.8265625 0.70625 0.8265625 0.70625 0.8796875 0.75 0.8796875 0.75 0.8265625
1 0.79375 0.9046875 0.734375 0.9046875 0.734375 0.9296875 0.79375 0.9296875 0.79375 0.9046875
1 0.815625 0.9296875 0.7625 0.9296875 0.7625 0.971875 0.815625 0.971875 0.815625 0.9296875
1 0.74375 0.275 0.66875 0.275 0.66875 0.3359375 0.74375 0.3359375 0.74375 0.275
1 0.775 0.2046875 0.7109375 0.2046875 0.7109375 0.2484375 0.775 0.2484375 0.775 0.2046875
1 0.80625 0.240625 0.753125 0.240625 0.753125 0.2796875 0.80625 0.2796875 0.80625 0.240625
1 0.925 0.1375 0.825 0.1375 0.825 0.2015625 0.925 0.2015625 0.925 0.1375