1 0.50625 0.40625 0.390625 0.40625 0.390625 0.440625 0.50625 0.440625 0.50625 0.40625
1 0.3109375 0.4203125 0.20625 0.4203125 0.20625 0.4625 0.3109375 0.4625 0.3109375 0.4203125
1 0.278125 0.4796875 0.1796875 0.4796875 0.1796875 0.515625 0.278125 0.515625 0.278125 0.4796875
1 0.409375 0.475 0.340625 0.475 0.340625 0.5015625 0.409375 0.5015625 0.409375 0.475
1 0.4046875 0.5078125 0.3046875 0.5078125 0.3046875 0.5265625 0.4046875 0.5265625 0.4046875 0.5078125
1 0.5359375 0.49375 0.446875 0.49375 0.446875 0.5265625 0.5359375 0.5265625 0.5359375 0.49375
1 0.4328125 0.5234375 0.3515625 0.5234375 0.3515625 0.546875 0.4328125 0.546875 0.4328125 0.5234375
1 0.5421875 0.621875 0.4390625 0.621875 0.4390625 0.659375 0.5421875 0.659375 0.5421875 0.621875
1 0.8984375 0.43125 0.778125 0.43125 0.778125 0.4796875 0.8984375 0.4796875 0.8984375 0.43125
1 0.7546875 0.4046875 0.640625 0.4046875 0.640625 0.4421875 0.7546875 0.4421875 0.7546875 0.4046875
1 0.6984375 0.4515625 0.56875 0.4515625 0.56875 0.496875 0.6984375 0.496875 0.6984375 0.4515625
1 0.925 0.4796875 0.80625 0.4796875 0.80625 0.5140625 0.925 0.5140625 0.925 0.4796875
1 0.65 0.53125 0.5578125 0.53125 0.5578125 0.55625 0.65 0.55625 0.65 0.53125
1 0.6671875 0.5578125 0.571875 0.5578125 0.571875 0.5953125 0.6671875 0.5953125 0.6671875 0.5578125
1 0.503125 0.546875 0.39375 0.546875 0.39375 0.5671875 0.503125 0.5671875 0.503125 0.546875
1 0.5109375 0.5640625 0.409375 0.5640625 0.409375 0.59375 0.5109375 0.59375 0.5109375 0.5640625