1 0.6515625 0.0515625 0.603125 0.0515625 0.603125 0.1515625 0.6515625 0.1515625 0.6515625 0.0515625
1 0.403125 0.0234375 0.3578125 0.0234375 0.3578125 0.0984375 0.403125 0.0984375 0.403125 0.0234375
1 0.41875 0.1046875 0.36875 0.1046875 0.36875 0.1953125 0.41875 0.1953125 0.41875 0.1046875
1 0.5015625 0.2140625 0.4421875 0.2140625 0.4421875 0.3140625 0.5015625 0.3140625 0.5015625 0.2140625
1 0.2015625 0.00625 0.153125 0.00625 0.153125 0.090625 0.2015625 0.090625 0.2015625 0.00625
1 0.3203125 0.0765625 0.28125 0.0765625 0.28125 0.1578125 0.3203125 0.1578125 0.3203125 0.0765625
1 0.134375 0.090625 0.0796875 0.090625 0.0796875 0.1859375 0.134375 0.1859375 0.134375 0.090625
1 0.2015625 0.2671875 0.1515625 0.2671875 0.1515625 0.3703125 0.2015625 0.3703125 0.2015625 0.2671875
1 0.3 0.165625 0.24375 0.165625 0.24375 0.2234375 0.3 0.2234375 0.3 0.165625
1 0.3359375 0.2453125 0.284375 0.2453125 0.284375 0.340625 0.3359375 0.340625 0.3359375 0.2453125
1 0.309375 0.3390625 0.25625 0.3390625 0.25625 0.403125 0.309375 0.403125 0.309375 0.3390625
1 0.4125 0.3296875 0.359375 0.3296875 0.359375 0.4046875 0.4125 0.4046875 0.4125 0.3296875
1 0.5 0.3609375 0.44375 0.3609375 0.44375 0.4546875 0.5 0.4546875 0.5 0.3609375
1 0.575 0.3375 0.528125 0.3375 0.528125 0.41875 0.575 0.41875 0.575 0.3375
1 0.6515625 0.2609375 0.6046875 0.2609375 0.6046875 0.3359375 0.6515625 0.3359375 0.6515625 0.2609375
1 0.7109375 0.2828125 0.66875 0.2828125 0.66875 0.384375 0.7109375 0.384375 0.7109375 0.2828125
1 0.653125 0.371875 0.6078125 0.371875 0.6078125 0.440625 0.653125 0.440625 0.653125 0.371875
1 0.6390625 0.4421875 0.584375 0.4421875 0.584375 0.515625 0.6390625 0.515625 0.6390625 0.4421875
1 0.5640625 0.4171875 0.515625 0.4171875 0.515625 0.5109375 0.5640625 0.5109375 0.5640625 0.4171875
1 0.409375 0.40625 0.3703125 0.40625 0.3703125 0.49375 0.409375 0.49375 0.409375 0.40625
1 0.353125 0.403125 0.3171875 0.403125 0.3171875 0.4625 0.353125 0.4625 0.353125 0.403125
1 0.3625 0.4640625 0.315625 0.4640625 0.315625 0.54375 0.3625 0.54375 0.3625 0.4640625
1 0.121875 0.484375 0.0796875 0.484375 0.0796875 0.571875 0.121875 0.571875 0.121875 0.484375
1 0.0515625 0.534375 0.0125 0.534375 0.0125 0.61875 0.0515625 0.61875 0.0515625 0.534375
1 0.2609375 0.5828125 0.215625 0.5828125 0.215625 0.678125 0.2609375 0.678125 0.2609375 0.5828125
1 0.2671875 0.803125 0.2140625 0.803125 0.2140625 0.909375 0.2671875 0.909375 0.2671875 0.803125
1 0.3359375 0.8125 0.28125 0.8125 0.28125 0.9375 0.3359375 0.9375 0.3359375 0.8125
1 0.4046875 0.8515625 0.3640625 0.8515625 0.3640625 0.921875 0.4046875 0.921875 0.4046875 0.8515625
1 0.4859375 0.7171875 0.434375 0.7171875 0.434375 0.8234375 0.4859375 0.8234375 0.4859375 0.7171875
1 0.478125 0.59375 0.4234375 0.59375 0.4234375 0.69375 0.478125 0.69375 0.478125 0.59375
1 0.5453125 0.5546875 0.509375 0.5546875 0.509375 0.6515625 0.5453125 0.6515625 0.5453125 0.5546875
1 0.6015625 0.5703125 0.55625 0.5703125 0.55625 0.65625 0.6015625 0.65625 0.6015625 0.5703125
1 0.690625 0.5015625 0.646875 0.5015625 0.646875 0.5859375 0.690625 0.5859375 0.690625 0.5015625
1 0.8109375 0.4515625 0.7640625 0.4515625 0.7640625 0.56875 0.8109375 0.56875 0.8109375 0.4515625
1 0.85625 0.5359375 0.8125 0.5359375 0.8125 0.628125 0.85625 0.628125 0.85625 0.5359375
1 0.7828125 0.6171875 0.7359375 0.6171875 0.7359375 0.709375 0.7828125 0.709375 0.7828125 0.6171875
1 0.73125 0.584375 0.6890625 0.584375 0.6890625 0.6734375 0.73125 0.6734375 0.73125 0.584375
1 0.6875 0.596875 0.646875 0.596875 0.646875 0.675 0.6875 0.675 0.6875 0.596875
1 0.6375 0.6765625 0.590625 0.6765625 0.590625 0.7703125 0.6375 0.7703125 0.6375 0.6765625
1 0.590625 0.825 0.5421875 0.825 0.5421875 0.91875 0.590625 0.91875 0.590625 0.825
1 0.6359375 0.8234375 0.5984375 0.8234375 0.5984375 0.903125 0.6359375 0.903125 0.6359375 0.8234375
1 0.665625 0.7640625 0.6296875 0.7640625 0.6296875 0.8375 0.665625 0.8375 0.665625 0.7640625
1 0.6671875 0.7296875 0.640625 0.7296875 0.640625 0.7703125 0.6671875 0.7703125 0.6671875 0.7296875
1 0.69375 0.7578125 0.6578125 0.7578125 0.6578125 0.8078125 0.69375 0.8078125 0.69375 0.7578125
1 0.7578125 0.778125 0.7125 0.778125 0.7125 0.8546875 0.7578125 0.8546875 0.7578125 0.778125
1 0.8328125 0.7921875 0.790625 0.7921875 0.790625 0.8828125 0.8328125 0.8828125 0.8328125 0.7921875
1 0.9046875 0.828125 0.8640625 0.828125 0.8640625 0.8984375 0.9046875 0.8984375 0.9046875 0.828125
1 0.94375 0.8328125 0.9046875 0.8328125 0.9046875 0.9046875 0.94375 0.9046875 0.94375 0.8328125
1 0.990625 0.7640625 0.9453125 0.7640625 0.9453125 0.8453125 0.990625 0.8453125 0.990625 0.7640625
1 0.7015625 0.85625 0.6546875 0.85625 0.6546875 0.925 0.7015625 0.925 0.7015625 0.85625
1 0.6828125 0.9265625 0.6390625 0.9265625 0.6390625 0.9859375 0.6828125 0.9859375 0.6828125 0.9265625
1 0.746875 0.884375 0.715625 0.884375 0.715625 0.95625 0.746875 0.95625 0.746875 0.884375
1 0.775 0.88125 0.746875 0.88125 0.746875 0.9625 0.775 0.9625 0.775 0.88125