1 0.540625 0.4171875 0.5 0.4171875 0.5 0.4828125 0.540625 0.4828125 0.540625 0.4171875
1 0.2515625 0.4890625 0.209375 0.4890625 0.209375 0.546875 0.2515625 0.546875 0.2515625 0.4890625
1 0.49375 0.475 0.446875 0.475 0.446875 0.5265625 0.49375 0.5265625 0.49375 0.475
1 0.5234375 0.515625 0.4734375 0.515625 0.4734375 0.578125 0.5234375 0.578125 0.5234375 0.515625
1 0.546875 0.596875 0.4984375 0.596875 0.4984375 0.65625 0.546875 0.65625 0.546875 0.596875
1 0.659375 0.4375 0.6125 0.4375 0.6125 0.475 0.659375 0.475 0.659375 0.4375
1 0.7125 0.3296875 0.6609375 0.3296875 0.6609375 0.3984375 0.7125 0.3984375 0.7125 0.3296875
1 0.7515625 0.3984375 0.7078125 0.3984375 0.7078125 0.459375 0.7515625 0.459375 0.7515625 0.3984375
1 0.759375 0.55 0.7109375 0.55 0.7109375 0.596875 0.759375 0.596875 0.759375 0.55
1 0.9125 0.31875 0.8703125 0.31875 0.8703125 0.371875 0.9125 0.371875 0.9125 0.31875
1 0.6703125 0.534375 0.6296875 0.534375 0.6296875 0.5734375 0.6703125 0.5734375 0.6703125 0.534375