1 0.8203125 0.221875 0.753125 0.221875 0.753125 0.25625 0.8203125 0.25625 0.8203125 0.221875
1 0.5625 0.2859375 0.48125 0.2859375 0.48125 0.321875 0.5625 0.321875 0.5625 0.2859375
1 0.66875 0.34375 0.60625 0.34375 0.60625 0.36875 0.66875 0.36875 0.66875 0.34375
1 0.884375 0.3796875 0.834375 0.3796875 0.834375 0.4078125 0.884375 0.4078125 0.884375 0.3796875
1 0.6 0.3609375 0.5546875 0.3609375 0.5546875 0.390625 0.6 0.390625 0.6 0.3609375
1 0.6515625 0.371875 0.6015625 0.371875 0.6015625 0.3953125 0.6515625 0.3953125 0.6515625 0.371875
1 0.8140625 0.3890625 0.7703125 0.3890625 0.7703125 0.4140625 0.8140625 0.4140625 0.8140625 0.3890625
1 0.6375 0.43125 0.6015625 0.43125 0.6015625 0.4609375 0.6375 0.4609375 0.6375 0.43125
1 0.3484375 0.5015625 0.296875 0.5015625 0.296875 0.5296875 0.3484375 0.5296875 0.3484375 0.5015625
1 0.425 0.5078125 0.3859375 0.5078125 0.3859375 0.5390625 0.425 0.5390625 0.425 0.5078125
1 0.1078125 0.584375 0.059375 0.584375 0.059375 0.628125 0.1078125 0.628125 0.1078125 0.584375
1 0.0609375 0.7453125 0.0171875 0.7453125 0.0171875 0.7875 0.0609375 0.7875 0.0609375 0.7453125
1 0.2625 0.65 0.2046875 0.65 0.2046875 0.678125 0.2625 0.678125 0.2625 0.65
1 0.340625 0.628125 0.2890625 0.628125 0.2890625 0.653125 0.340625 0.653125 0.340625 0.628125
1 0.4609375 0.5859375 0.403125 0.5859375 0.403125 0.6203125 0.4609375 0.6203125 0.4609375 0.5859375
1 0.4203125 0.7625 0.3765625 0.7625 0.3765625 0.7828125 0.4203125 0.7828125 0.4203125 0.7625
1 0.440625 0.775 0.3890625 0.775 0.3890625 0.8015625 0.440625 0.8015625 0.440625 0.775
1 0.53125 0.7359375 0.4765625 0.7359375 0.4765625 0.771875 0.53125 0.771875 0.53125 0.7359375
1 0.6125 0.7234375 0.5734375 0.7234375 0.5734375 0.746875 0.6125 0.746875 0.6125 0.7234375
1 0.671875 0.7375 0.628125 0.7375 0.628125 0.75625 0.671875 0.75625 0.671875 0.7375
1 0.640625 0.690625 0.6046875 0.690625 0.6046875 0.71875 0.640625 0.71875 0.640625 0.690625
1 0.5984375 0.55625 0.553125 0.55625 0.553125 0.5859375 0.5984375 0.5859375 0.5984375 0.55625
1 0.6171875 0.53125 0.58125 0.53125 0.58125 0.559375 0.6171875 0.559375 0.6171875 0.53125
1 0.678125 0.5234375 0.6265625 0.5234375 0.6265625 0.55 0.678125 0.55 0.678125 0.5234375
1 0.7265625 0.484375 0.6734375 0.484375 0.6734375 0.5265625 0.7265625 0.5265625 0.7265625 0.484375
1 0.7859375 0.5 0.7265625 0.5 0.7265625 0.5265625 0.7859375 0.5265625 0.7859375 0.5
1 0.740625 0.571875 0.6828125 0.571875 0.6828125 0.6 0.740625 0.6 0.740625 0.571875
1 0.696875 0.5984375 0.6328125 0.5984375 0.6328125 0.621875 0.696875 0.621875 0.696875 0.5984375
1 0.6953125 0.625 0.6390625 0.625 0.6390625 0.6484375 0.6953125 0.6484375 0.6953125 0.625
1 0.690625 0.659375 0.65 0.659375 0.65 0.6796875 0.690625 0.6796875 0.690625 0.659375
1 0.70625 0.6890625 0.66875 0.6890625 0.66875 0.721875 0.70625 0.721875 0.70625 0.6890625
1 0.753125 0.65 0.709375 0.65 0.709375 0.68125 0.753125 0.68125 0.753125 0.65
1 0.878125 0.6125 0.834375 0.6125 0.834375 0.640625 0.878125 0.640625 0.878125 0.6125
1 0.953125 0.51875 0.9046875 0.51875 0.9046875 0.55 0.953125 0.55 0.953125 0.51875
1 0.915625 0.4859375 0.8765625 0.4859375 0.8765625 0.5015625 0.915625 0.5015625 0.915625 0.4859375
1 0.909375 0.4640625 0.86875 0.4640625 0.86875 0.4859375 0.909375 0.4859375 0.909375 0.4640625
1 0.859375 0.4765625 0.825 0.4765625 0.825 0.5 0.859375 0.5 0.859375 0.4765625
1 0.834375 0.4484375 0.7890625 0.4484375 0.7890625 0.4734375 0.834375 0.4734375 0.834375 0.4484375
1 0.7953125 0.4125 0.759375 0.4125 0.759375 0.44375 0.7953125 0.44375 0.7953125 0.4125