1 0.515625 0.396875 0.375 0.396875 0.375 0.4421875 0.515625 0.4421875 0.515625 0.396875
1 0.7609375 0.3953125 0.6328125 0.3953125 0.6328125 0.4484375 0.7609375 0.4484375 0.7609375 0.3953125
1 0.9 0.4296875 0.7671875 0.4296875 0.7671875 0.4796875 0.9 0.4796875 0.9 0.4296875
1 0.9296875 0.4765625 0.7890625 0.4765625 0.7890625 0.5125 0.9296875 0.5125 0.9296875 0.4765625
1 0.7015625 0.4640625 0.58125 0.4640625 0.58125 0.4953125 0.7015625 0.4953125 0.7015625 0.4640625
1 0.315625 0.4234375 0.184375 0.4234375 0.184375 0.4609375 0.315625 0.4609375 0.315625 0.4234375
1 0.275 0.4765625 0.1765625 0.4765625 0.1765625 0.5171875 0.275 0.5171875 0.275 0.4765625
1 0.421875 0.4765625 0.3296875 0.4765625 0.3296875 0.5125 0.421875 0.5125 0.421875 0.4765625
1 0.5265625 0.4875 0.440625 0.4875 0.440625 0.5328125 0.5265625 0.5328125 0.5265625 0.4875
1 0.659375 0.5359375 0.5484375 0.5359375 0.5484375 0.5625 0.659375 0.5625 0.659375 0.5359375
1 0.671875 0.559375 0.5625 0.559375 0.5625 0.5890625 0.671875 0.5890625 0.671875 0.559375
1 0.5390625 0.6203125 0.4328125 0.6203125 0.4328125 0.6546875 0.5390625 0.6546875 0.5390625 0.6203125
1 0.4890625 0.54375 0.425 0.54375 0.425 0.5671875 0.4890625 0.5671875 0.4890625 0.54375
1 0.50625 0.565625 0.409375 0.565625 0.409375 0.5890625 0.50625 0.5890625 0.50625 0.565625
1 0.4265625 0.5234375 0.3484375 0.5234375 0.3484375 0.54375 0.4265625 0.54375 0.4265625 0.5234375
1 0.4015625 0.509375 0.3078125 0.509375 0.3078125 0.5265625 0.4015625 0.5265625 0.4015625 0.509375