1 0.759375 0.0953125 0.6390625 0.0953125 0.6390625 0.23125 0.759375 0.23125 0.759375 0.0953125
1 0.9578125 0.2890625 0.85 0.2890625 0.85 0.4453125 0.9578125 0.4453125 0.9578125 0.2890625
1 0.8515625 0.35 0.75 0.35 0.75 0.484375 0.8515625 0.484375 0.8515625 0.35
1 0.890625 0.50625 0.753125 0.50625 0.753125 0.65 0.890625 0.65 0.890625 0.50625
1 0.7390625 0.53125 0.6140625 0.53125 0.6140625 0.6640625 0.7390625 0.6640625 0.7390625 0.53125
1 0.171875 0.6828125 0.0359375 0.6828125 0.0359375 0.825 0.171875 0.825 0.171875 0.6828125
1 0.446875 0.5984375 0.3171875 0.5984375 0.3171875 0.715625 0.446875 0.715625 0.446875 0.5984375
1 0.13125 0.4609375 0.0109375 0.4609375 0.0109375 0.559375 0.13125 0.559375 0.13125 0.4609375
1 0 0.3015625 0.109375 0.3015625 0.109375 0.221875 0 0.221875 0 0.3015625
1 0.228125 0.23125 0.10625 0.23125 0.10625 0.3421875 0.228125 0.3421875 0.228125 0.23125
1 0.1859375 0.3375 0.0859375 0.3375 0.0859375 0.4203125 0.1859375 0.4203125 0.1859375 0.3375
1 0 0.4078125 0.078125 0.4078125 0.078125 0.340625 0 0.340625 0 0.4078125
1 0.3296875 0.4453125 0.209375 0.4453125 0.209375 0.54375 0.3296875 0.54375 0.3296875 0.4453125
1 0.4109375 0.4359375 0.3296875 0.4359375 0.3296875 0.5796875 0.4109375 0.5796875 0.4109375 0.4359375
1 0.50625 0.4140625 0.4125 0.4140625 0.4125 0.58125 0.50625 0.58125 0.50625 0.4140625
1 0.6015625 0.4390625 0.5078125 0.4390625 0.5078125 0.54375 0.6015625 0.54375 0.6015625 0.4390625