1 0.290625 0.090625 0.2515625 0.090625 0.2515625 0.1390625 0.290625 0.1390625 0.290625 0.090625
1 0.38125 0.05 0.35 0.05 0.35 0.0953125 0.38125 0.0953125 0.38125 0.05
1 0.3015625 0 0.3015625 0.025 0.3328125 0.025 0.3328125 0 0.3015625 0
1 0.4609375 0.05625 0.41875 0.05625 0.41875 0.1390625 0.4609375 0.1390625 0.4609375 0.05625
1 0.5921875 0.0671875 0.55625 0.0671875 0.55625 0.1671875 0.5921875 0.1671875 0.5921875 0.0671875
1 0.63125 0.0953125 0.5953125 0.0953125 0.5953125 0.1609375 0.63125 0.1609375 0.63125 0.0953125
1 0.709375 0.0265625 0.6671875 0.0265625 0.6671875 0.1125 0.709375 0.1125 0.709375 0.0265625
1 0.7296875 0.23125 0.6859375 0.23125 0.6859375 0.2921875 0.7296875 0.2921875 0.7296875 0.23125
1 0.78125 0.240625 0.7390625 0.240625 0.7390625 0.321875 0.78125 0.321875 0.78125 0.240625
1 0.9265625 0.2671875 0.890625 0.2671875 0.890625 0.3515625 0.9265625 0.3515625 0.9265625 0.2671875
1 0.5703125 0.2859375 0.5375 0.2859375 0.5375 0.35625 0.5703125 0.35625 0.5703125 0.2859375
1 0.5734375 0.184375 0.5328125 0.184375 0.5328125 0.253125 0.5734375 0.253125 0.5734375 0.184375
1 0.6515625 0.328125 0.621875 0.328125 0.621875 0.3890625 0.6515625 0.3890625 0.6515625 0.328125
1 0.475 0.3859375 0.440625 0.3859375 0.440625 0.4671875 0.475 0.4671875 0.475 0.3859375
1 0.4421875 0.396875 0.4140625 0.396875 0.4140625 0.459375 0.4421875 0.459375 0.4421875 0.396875
1 0.4078125 0.4359375 0.371875 0.4359375 0.371875 0.4875 0.4078125 0.4875 0.4078125 0.4359375
1 0.3484375 0.3875 0.3171875 0.3875 0.3171875 0.453125 0.3484375 0.453125 0.3484375 0.3875
1 0.303125 0.3078125 0.278125 0.3078125 0.278125 0.3609375 0.303125 0.3609375 0.303125 0.3078125
1 0.084375 0.2359375 0.0578125 0.2359375 0.0578125 0.290625 0.084375 0.290625 0.084375 0.2359375
1 0.0375 0.4859375 0.015625 0.4859375 0.015625 0.5375 0.0375 0.5375 0.0375 0.4859375
1 0.1046875 0.465625 0.06875 0.465625 0.06875 0.5109375 0.1046875 0.5109375 0.1046875 0.465625
1 0.1921875 0.4609375 0.1640625 0.4609375 0.1640625 0.5046875 0.1921875 0.5046875 0.1921875 0.4609375
1 0.16875 0.465625 0.1390625 0.465625 0.1390625 0.521875 0.16875 0.521875 0.16875 0.465625
1 0.075 0.5484375 0.046875 0.5484375 0.046875 0.5984375 0.075 0.5984375 0.075 0.5484375
1 0.4109375 0.5046875 0.378125 0.5046875 0.378125 0.5640625 0.4109375 0.5640625 0.4109375 0.5046875
1 0.29375 0.3765625 0.259375 0.3765625 0.259375 0.4390625 0.29375 0.4390625 0.29375 0.3765625
1 0.3078125 0.434375 0.2796875 0.434375 0.2796875 0.4859375 0.3078125 0.4859375 0.3078125 0.434375
1 0.265625 0.51875 0.228125 0.51875 0.228125 0.5828125 0.265625 0.5828125 0.265625 0.51875
1 0.16875 0.6578125 0.146875 0.6578125 0.146875 0.7 0.16875 0.7 0.16875 0.6578125
1 0.0890625 0.7203125 0.0625 0.7203125 0.0625 0.771875 0.0890625 0.771875 0.0890625 0.7203125
1 0.0484375 0.7109375 0.025 0.7109375 0.025 0.7625 0.0484375 0.7625 0.0484375 0.7109375
1 0 0.784375 0.01875 0.784375 0.01875 0.728125 0 0.728125 0 0.784375
1 0.0765625 0.915625 0.0515625 0.915625 0.0515625 0.9640625 0.0765625 0.9640625 0.0765625 0.915625
1 0.1546875 1 0.1546875 0.9609375 0.1265625 0.9609375 0.1265625 1 0.1546875 1
1 0.2140625 0.7171875 0.1890625 0.7171875 0.1890625 0.775 0.2140625 0.775 0.2140625 0.7171875
1 0.2609375 0.7375 0.2328125 0.7375 0.2328125 0.79375 0.2609375 0.79375 0.2609375 0.7375
1 0.3265625 0.7359375 0.303125 0.7359375 0.303125 0.7921875 0.3265625 0.7921875 0.3265625 0.7359375
1 0.3609375 0.7828125 0.3171875 0.7828125 0.3171875 0.8265625 0.3609375 0.8265625 0.3609375 0.7828125
1 0.3296875 0.83125 0.3015625 0.83125 0.3015625 0.8734375 0.3296875 0.8734375 0.3296875 0.83125
1 0.534375 0.721875 0.5 0.721875 0.5 0.7671875 0.534375 0.7671875 0.534375 0.721875
1 0.5796875 0.621875 0.540625 0.621875 0.540625 0.6765625 0.5796875 0.6765625 0.5796875 0.621875
1 0.68125 0.6171875 0.6390625 0.6171875 0.6390625 0.690625 0.68125 0.690625 0.68125 0.6171875
1 0.665625 0.69375 0.634375 0.69375 0.634375 0.7390625 0.665625 0.7390625 0.665625 0.69375
1 0.646875 0.8515625 0.61875 0.8515625 0.61875 0.9203125 0.646875 0.9203125 0.646875 0.8515625
1 0.84375 0.525 0.8109375 0.525 0.8109375 0.5859375 0.84375 0.5859375 0.84375 0.525
1 0.8796875 0.503125 0.84375 0.503125 0.84375 0.5609375 0.8796875 0.5609375 0.8796875 0.503125
1 0.9765625 0.5921875 0.9453125 0.5921875 0.9453125 0.6515625 0.9765625 0.6515625 0.9765625 0.5921875
1 0.8796875 0.634375 0.85 0.634375 0.85 0.7015625 0.8796875 0.7015625 0.8796875 0.634375
1 0.8578125 0.7421875 0.8203125 0.7421875 0.8203125 0.7859375 0.8578125 0.7859375 0.8578125 0.7421875
1 0.9109375 0.8078125 0.8765625 0.8078125 0.8765625 0.8796875 0.9109375 0.8796875 0.9109375 0.8078125