1 0.1015625 0.3078125 0.015625 0.3078125 0.015625 0.390625 0.1015625 0.390625 0.1015625 0.3078125
1 0.13125 0.4234375 0.0453125 0.4234375 0.0453125 0.5140625 0.13125 0.5140625 0.13125 0.4234375
1 0.259375 0.3859375 0.1875 0.3859375 0.1875 0.4609375 0.259375 0.4609375 0.259375 0.3859375
1 0.375 0.3953125 0.3 0.3953125 0.3 0.4640625 0.375 0.4640625 0.375 0.3953125
1 0.3484375 0.4546875 0.284375 0.4546875 0.284375 0.534375 0.3484375 0.534375 0.3484375 0.4546875
1 0.4234375 0.4640625 0.3546875 0.4640625 0.3546875 0.5125 0.4234375 0.5125 0.4234375 0.4640625
1 0.5296875 0.4671875 0.440625 0.4671875 0.440625 0.528125 0.5296875 0.528125 0.5296875 0.4671875
1 0.5015625 0.5234375 0.4328125 0.5234375 0.4328125 0.58125 0.5015625 0.58125 0.5015625 0.5234375
1 0.4375 0.5359375 0.3703125 0.5359375 0.3703125 0.6125 0.4375 0.6125 0.4375 0.5359375
1 0.675 0.546875 0.603125 0.546875 0.603125 0.6015625 0.675 0.6015625 0.675 0.546875
1 0.7765625 0.6296875 0.6953125 0.6296875 0.6953125 0.6953125 0.7765625 0.6953125 0.7765625 0.6296875
1 0.8671875 0.6875 0.7921875 0.6875 0.7921875 0.7421875 0.8671875 0.7421875 0.8671875 0.6875
1 0.9875 0.6734375 0.9125 0.6734375 0.9125 0.734375 0.9875 0.734375 0.9875 0.6734375
1 0.9859375 0.8109375 0.9265625 0.8109375 0.9265625 0.8609375 0.9859375 0.8609375 0.9859375 0.8109375
1 0.9234375 0.8328125 0.8703125 0.8328125 0.8703125 0.878125 0.9234375 0.878125 0.9234375 0.8328125
1 0.5515625 0.7265625 0.490625 0.7265625 0.490625 0.778125 0.5515625 0.778125 0.5515625 0.7265625
1 0.6125 0.5953125 0.5484375 0.5953125 0.5484375 0.634375 0.6125 0.634375 0.6125 0.5953125
1 0.6359375 0.6328125 0.565625 0.6328125 0.565625 0.66875 0.6359375 0.66875 0.6359375 0.6328125
1 0.5984375 0.6640625 0.54375 0.6640625 0.54375 0.6953125 0.5984375 0.6953125 0.5984375 0.6640625