1 0.68125 0.25625 0.6265625 0.25625 0.6265625 0.3296875 0.68125 0.3296875 0.68125 0.25625
1 0.5703125 0.24375 0.528125 0.24375 0.528125 0.315625 0.5703125 0.315625 0.5703125 0.24375
1 0.19375 0.109375 0.1390625 0.109375 0.1390625 0.1765625 0.19375 0.1765625 0.19375 0.109375
1 0.34375 0.290625 0.290625 0.290625 0.290625 0.3671875 0.34375 0.3671875 0.34375 0.290625
1 0.3859375 0.2578125 0.3390625 0.2578125 0.3390625 0.325 0.3859375 0.325 0.3859375 0.2578125
1 0.446875 0.265625 0.403125 0.265625 0.403125 0.334375 0.446875 0.334375 0.446875 0.265625
1 0.4828125 0.2578125 0.446875 0.2578125 0.446875 0.3296875 0.4828125 0.3296875 0.4828125 0.2578125
1 0.5171875 0.325 0.478125 0.325 0.478125 0.3640625 0.5171875 0.3640625 0.5171875 0.325
1 0.5265625 0.29375 0.4890625 0.29375 0.4890625 0.3296875 0.5265625 0.3296875 0.5265625 0.29375
1 0.68125 0.4125 0.621875 0.4125 0.621875 0.4765625 0.68125 0.4765625 0.68125 0.4125
1 0.6265625 0.4515625 0.5765625 0.4515625 0.5765625 0.5140625 0.6265625 0.5140625 0.6265625 0.4515625
1 0.7765625 0.509375 0.7125 0.509375 0.7125 0.571875 0.7765625 0.571875 0.7765625 0.509375
1 0.925 0.5734375 0.85625 0.5734375 0.85625 0.64375 0.925 0.64375 0.925 0.5734375
1 0.85 0.746875 0.7828125 0.746875 0.7828125 0.8296875 0.85 0.8296875 0.85 0.746875
1 0.7328125 0.6359375 0.6609375 0.6359375 0.6609375 0.7078125 0.7328125 0.7078125 0.7328125 0.6359375
1 0.60625 0.565625 0.540625 0.565625 0.540625 0.6203125 0.60625 0.6203125 0.60625 0.565625
1 0.5421875 0.421875 0.475 0.421875 0.475 0.496875 0.5421875 0.496875 0.5421875 0.421875
1 0.471875 0.4734375 0.425 0.4734375 0.425 0.54375 0.471875 0.54375 0.471875 0.4734375
1 0.396875 0.5015625 0.35 0.5015625 0.35 0.5640625 0.396875 0.5640625 0.396875 0.5015625
1 0.1265625 0.4828125 0.059375 0.4828125 0.059375 0.5609375 0.1265625 0.5609375 0.1265625 0.4828125
1 0.0609375 0.515625 0.0109375 0.515625 0.0109375 0.5859375 0.0609375 0.5859375 0.0609375 0.515625
1 0 0.7421875 0.040625 0.7421875 0.040625 0.675 0 0.675 0 0.7421875
1 0.1734375 0.65 0.1140625 0.65 0.1140625 0.7140625 0.1734375 0.7140625 0.1734375 0.65
1 0.1734375 0.715625 0.1234375 0.715625 0.1234375 0.746875 0.1734375 0.746875 0.1734375 0.715625
1 0.1890625 0.8078125 0.1109375 0.8078125 0.1109375 0.8828125 0.1890625 0.8828125 0.1890625 0.8078125
1 0.1578125 0.7453125 0.0984375 0.7453125 0.0984375 0.8078125 0.1578125 0.8078125 0.1578125 0.7453125
1 0.259375 0.7484375 0.2265625 0.7484375 0.2265625 0.7921875 0.259375 0.7921875 0.259375 0.7484375
1 0.2828125 0.7265625 0.2546875 0.7265625 0.2546875 0.7609375 0.2828125 0.7609375 0.2828125 0.7265625
1 0.3203125 0.8015625 0.2578125 0.8015625 0.2578125 0.865625 0.3203125 0.865625 0.3203125 0.8015625
1 0.2453125 0.9234375 0.196875 0.9234375 0.196875 0.9984375 0.2453125 0.9984375 0.2453125 0.9234375
1 0.3703125 0.9296875 0.3046875 0.9296875 0.3046875 0.996875 0.3703125 0.996875 0.3703125 0.9296875
1 0.4515625 0.7734375 0.4015625 0.7734375 0.4015625 0.834375 0.4515625 0.834375 0.4515625 0.7734375
1 0.409375 0.8140625 0.359375 0.8140625 0.359375 0.8953125 0.409375 0.8953125 0.409375 0.8140625
1 0.490625 0.8875 0.4265625 0.8875 0.4265625 0.96875 0.490625 0.96875 0.490625 0.8875
1 0.5578125 1 0.5578125 0.9375 0.503125 0.9375 0.503125 1 0.5578125 1
1 0.625 0.925 0.575 0.925 0.575 0.9921875 0.625 0.9921875 0.625 0.925
1 0.634375 0.7375 0.5875 0.7375 0.5875 0.8046875 0.634375 0.8046875 0.634375 0.7375
1 0.5828125 0.6703125 0.51875 0.6703125 0.51875 0.753125 0.5828125 0.753125 0.5828125 0.6703125
1 0.5140625 0.6328125 0.465625 0.6328125 0.465625 0.6765625 0.5140625 0.6765625 0.5140625 0.6328125
1 0.5171875 0.675 0.4734375 0.675 0.4734375 0.7359375 0.5171875 0.7359375 0.5171875 0.675
1 0.69375 0.71875 0.65625 0.71875 0.65625 0.78125 0.69375 0.78125 0.69375 0.71875
1 0.2359375 0.3359375 0.1953125 0.3359375 0.1953125 0.396875 0.2359375 0.396875 0.2359375 0.3359375
1 0.16875 0.396875 0.1078125 0.396875 0.1078125 0.45625 0.16875 0.45625 0.16875 0.396875
1 0.33125 0.5140625 0.271875 0.5140625 0.271875 0.5890625 0.33125 0.5890625 0.33125 0.5140625
1 0.2765625 0.48125 0.221875 0.48125 0.221875 0.5484375 0.2765625 0.5484375 0.2765625 0.48125
1 0.2640625 0.41875 0.2109375 0.41875 0.2109375 0.48125 0.2640625 0.48125 0.2640625 0.41875
1 0.209375 0.371875 0.1578125 0.371875 0.1578125 0.434375 0.209375 0.434375 0.209375 0.371875