1 0.4640625 0.0453125 0.396875 0.0453125 0.396875 0.1375 0.4640625 0.1375 0.4640625 0.0453125
1 0.375 0.1921875 0.2953125 0.1921875 0.2953125 0.278125 0.375 0.278125 0.375 0.1921875
1 0.1796875 0.3015625 0.115625 0.3015625 0.115625 0.353125 0.1796875 0.353125 0.1796875 0.3015625
1 0.2390625 0.3765625 0.1640625 0.3765625 0.1640625 0.446875 0.2390625 0.446875 0.2390625 0.3765625
1 0.50625 0.2953125 0.4203125 0.2953125 0.4203125 0.3515625 0.50625 0.3515625 0.50625 0.2953125
1 0.859375 0.2234375 0.7953125 0.2234375 0.7953125 0.28125 0.859375 0.28125 0.859375 0.2234375
1 0.9953125 0.2671875 0.946875 0.2671875 0.946875 0.3640625 0.9953125 0.3640625 0.9953125 0.2671875
1 0.94375 0.278125 0.875 0.278125 0.875 0.353125 0.94375 0.353125 0.94375 0.278125
1 0.871875 0.3015625 0.809375 0.3015625 0.809375 0.3578125 0.871875 0.3578125 0.871875 0.3015625
1 0.8125 0.31875 0.734375 0.31875 0.734375 0.4015625 0.8125 0.4015625 0.8125 0.31875
1 0.8125 0.40625 0.740625 0.40625 0.740625 0.4671875 0.8125 0.4671875 0.8125 0.40625
1 0.8125 0.4953125 0.7359375 0.4953125 0.7359375 0.571875 0.8125 0.571875 0.8125 0.4953125
1 0.68125 0.35 0.6203125 0.35 0.6203125 0.4140625 0.68125 0.4140625 0.68125 0.35
1 0.71875 0.371875 0.6609375 0.371875 0.6609375 0.440625 0.71875 0.440625 0.71875 0.371875
1 0.5953125 0.3671875 0.5328125 0.3671875 0.5328125 0.4390625 0.5953125 0.4390625 0.5953125 0.3671875
1 0.696875 0.4109375 0.6421875 0.4109375 0.6421875 0.5015625 0.696875 0.5015625 0.696875 0.4109375
1 0.6140625 0.440625 0.540625 0.440625 0.540625 0.484375 0.6140625 0.484375 0.6140625 0.440625
1 0.575 0.4703125 0.503125 0.4703125 0.503125 0.50625 0.575 0.50625 0.575 0.4703125
1 0.5484375 0.5234375 0.475 0.5234375 0.475 0.609375 0.5484375 0.609375 0.5484375 0.5234375
1 0.3921875 0.446875 0.296875 0.446875 0.296875 0.5171875 0.3921875 0.5171875 0.3921875 0.446875
1 0.4046875 0.5421875 0.3390625 0.5421875 0.3390625 0.6203125 0.4046875 0.6203125 0.4046875 0.5421875
1 0.303125 0.5828125 0.221875 0.5828125 0.221875 0.634375 0.303125 0.634375 0.303125 0.5828125
1 0.253125 0.5 0.1921875 0.5 0.1921875 0.575 0.253125 0.575 0.253125 0.5
1 0.2125 0.490625 0.1484375 0.490625 0.1484375 0.5671875 0.2125 0.5671875 0.2125 0.490625
1 0.1453125 0.490625 0.0765625 0.490625 0.0765625 0.5703125 0.1453125 0.5703125 0.1453125 0.490625
1 0.1546875 0.69375 0.0875 0.69375 0.0875 0.7421875 0.1546875 0.7421875 0.1546875 0.69375
1 0.1078125 0.74375 0.0484375 0.74375 0.0484375 0.8234375 0.1078125 0.8234375 0.1078125 0.74375
1 0 0.7109375 0.0390625 0.7109375 0.0390625 0.65625 0 0.65625 0 0.7109375