1 0.08125 0.0609375 0.0296875 0.0609375 0.0296875 0.1078125 0.08125 0.1078125 0.08125 0.0609375
1 0.115625 0 0.115625 0.03125 0.1609375 0.03125 0.1609375 0 0.115625 0
1 0.1671875 0.0734375 0.1375 0.0734375 0.1375 0.128125 0.1671875 0.128125 0.1671875 0.0734375
1 0.1171875 0.1484375 0.0890625 0.1484375 0.0890625 0.190625 0.1171875 0.190625 0.1171875 0.1484375
1 0.1125 0.1984375 0.0515625 0.1984375 0.0515625 0.2375 0.1125 0.2375 0.1125 0.1984375
1 0.2140625 0.2796875 0.190625 0.2796875 0.190625 0.340625 0.2140625 0.340625 0.2140625 0.2796875
1 0.2578125 0.121875 0.20625 0.121875 0.20625 0.190625 0.2578125 0.190625 0.2578125 0.121875
1 0.328125 0.1875 0.2671875 0.1875 0.2671875 0.234375 0.328125 0.234375 0.328125 0.1875
1 0.2671875 0.209375 0.240625 0.209375 0.240625 0.25625 0.2671875 0.25625 0.2671875 0.209375
1 0.2890625 0.2671875 0.2578125 0.2671875 0.2578125 0.3109375 0.2890625 0.3109375 0.2890625 0.2671875
1 0.4 0.1734375 0.365625 0.1734375 0.365625 0.209375 0.4 0.209375 0.4 0.1734375
1 0.53125 0.046875 0.4921875 0.046875 0.4921875 0.10625 0.53125 0.10625 0.53125 0.046875
1 0.6828125 0.08125 0.65 0.08125 0.65 0.1484375 0.6828125 0.1484375 0.6828125 0.08125
1 0.64375 0.2578125 0.5875 0.2578125 0.5875 0.3140625 0.64375 0.3140625 0.64375 0.2578125
1 0.7296875 0.296875 0.6796875 0.296875 0.6796875 0.3453125 0.7296875 0.3453125 0.7296875 0.296875
1 0.5328125 0.246875 0.50625 0.246875 0.50625 0.29375 0.5328125 0.29375 0.5328125 0.246875
1 0.50625 0.1515625 0.4515625 0.1515625 0.4515625 0.20625 0.50625 0.20625 0.50625 0.1515625
1 0.4984375 0.2140625 0.4703125 0.2140625 0.4703125 0.2734375 0.4984375 0.2734375 0.4984375 0.2140625
1 0.41875 0.2515625 0.3640625 0.2515625 0.3640625 0.296875 0.41875 0.296875 0.41875 0.2515625
1 0.3796875 0.2078125 0.353125 0.2078125 0.353125 0.2484375 0.3796875 0.2484375 0.3796875 0.2078125
1 0.1640625 0.3109375 0.1265625 0.3109375 0.1265625 0.3546875 0.1640625 0.3546875 0.1640625 0.3109375
1 0.18125 0.3546875 0.1046875 0.3546875 0.1046875 0.4 0.18125 0.4 0.18125 0.3546875
1 0.18125 0.4171875 0.14375 0.4171875 0.14375 0.465625 0.18125 0.465625 0.18125 0.4171875
1 0.3 0.4203125 0.24375 0.4203125 0.24375 0.475 0.3 0.475 0.3 0.4203125
1 0.375 0.390625 0.3125 0.390625 0.3125 0.4296875 0.375 0.4296875 0.375 0.390625
1 0.45625 0.325 0.4046875 0.325 0.4046875 0.3625 0.45625 0.3625 0.45625 0.325
1 0.5015625 0.3109375 0.4578125 0.3109375 0.4578125 0.365625 0.5015625 0.365625 0.5015625 0.3109375
1 0.5359375 0.3546875 0.4984375 0.3546875 0.4984375 0.4015625 0.5359375 0.4015625 0.5359375 0.3546875
1 0.53125 0.40625 0.5046875 0.40625 0.5046875 0.4375 0.53125 0.4375 0.53125 0.40625
1 0.525 0.8 0.5 0.8 0.5 0.8546875 0.525 0.8546875 0.525 0.8
1 0.69375 0.790625 0.6578125 0.790625 0.6578125 0.834375 0.69375 0.834375 0.69375 0.790625
1 0.8796875 0.78125 0.853125 0.78125 0.853125 0.8203125 0.8796875 0.8203125 0.8796875 0.78125
1 0.346875 0.5828125 0.31875 0.5828125 0.31875 0.6171875 0.346875 0.6171875 0.346875 0.5828125
1 0.3453125 0.628125 0.31875 0.628125 0.31875 0.6734375 0.3453125 0.6734375 0.3453125 0.628125
1 0.384375 0.603125 0.35625 0.603125 0.35625 0.653125 0.384375 0.653125 0.384375 0.603125
1 0.3078125 0.5125 0.2671875 0.5125 0.2671875 0.5578125 0.3078125 0.5578125 0.3078125 0.5125
1 0.2984375 0.5640625 0.2625 0.5640625 0.2625 0.6078125 0.2984375 0.6078125 0.2984375 0.5640625
1 0.2640625 0.565625 0.228125 0.565625 0.228125 0.6078125 0.2640625 0.6078125 0.2640625 0.565625
1 0.20625 0.484375 0.1671875 0.484375 0.1671875 0.5375 0.20625 0.5375 0.20625 0.484375
1 0.1265625 0.4796875 0.071875 0.4796875 0.071875 0.534375 0.1265625 0.534375 0.1265625 0.4796875
1 0.0609375 0.4671875 0.0359375 0.4671875 0.0359375 0.5203125 0.0609375 0.5203125 0.0609375 0.4671875
1 0 0.509375 0.0296875 0.509375 0.0296875 0.4484375 0 0.4484375 0 0.509375
1 0 0.553125 0.0203125 0.553125 0.0203125 0.509375 0 0.509375 0 0.553125
1 0.0609375 0.5375 0.021875 0.5375 0.021875 0.575 0.0609375 0.575 0.0609375 0.5375
1 0 0.6203125 0.0390625 0.6203125 0.0390625 0.5671875 0 0.5671875 0 0.6203125
1 0.05 0.665625 0.0109375 0.665625 0.0109375 0.70625 0.05 0.70625 0.05 0.665625
1 0.0875 0.815625 0.025 0.815625 0.025 0.8671875 0.0875 0.8671875 0.0875 0.815625
1 0.196875 0.7671875 0.1484375 0.7671875 0.1484375 0.80625 0.196875 0.80625 0.196875 0.7671875
1 0.21875 0.6890625 0.178125 0.6890625 0.178125 0.734375 0.21875 0.734375 0.21875 0.6890625
1 0.2109375 0.5421875 0.178125 0.5421875 0.178125 0.5796875 0.2109375 0.5796875 0.2109375 0.5421875
1 0.1828125 0.565625 0.1625 0.565625 0.1625 0.6046875 0.1828125 0.6046875 0.1828125 0.565625
1 0.2703125 0.721875 0.234375 0.721875 0.234375 0.76875 0.2703125 0.76875 0.2703125 0.721875
1 0.3546875 0.7421875 0.3171875 0.7421875 0.3171875 0.7953125 0.3546875 0.7953125 0.3546875 0.7421875
1 0.271875 0.796875 0.225 0.796875 0.225 0.8546875 0.271875 0.8546875 0.271875 0.796875
1 0.4125 0.7625 0.3890625 0.7625 0.3890625 0.7984375 0.4125 0.7984375 0.4125 0.7625
1 0.46875 0.7515625 0.434375 0.7515625 0.434375 0.7796875 0.46875 0.7796875 0.46875 0.7515625
1 0.475 0.7796875 0.4296875 0.7796875 0.4296875 0.8234375 0.475 0.8234375 0.475 0.7796875
1 0.896875 0.45 0.875 0.45 0.875 0.5109375 0.896875 0.5109375 0.896875 0.45
1 0.878125 0.4671875 0.8375 0.4671875 0.8375 0.509375 0.878125 0.509375 0.878125 0.4671875
1 0.8078125 0.378125 0.7734375 0.378125 0.7734375 0.4125 0.8078125 0.4125 0.8078125 0.378125
1 0.7640625 0.35625 0.7359375 0.35625 0.7359375 0.390625 0.7640625 0.390625 0.7640625 0.35625
1 0.759375 0.384375 0.7296875 0.384375 0.7296875 0.4234375 0.759375 0.4234375 0.759375 0.384375
1 0.809375 0.4203125 0.7828125 0.4203125 0.7828125 0.4609375 0.809375 0.4609375 0.809375 0.4203125
1 0.78125 0.4015625 0.75625 0.4015625 0.75625 0.4453125 0.78125 0.4453125 0.78125 0.4015625
1 0.7171875 0.5328125 0.690625 0.5328125 0.690625 0.5765625 0.7171875 0.5765625 0.7171875 0.5328125
1 0.621875 0.540625 0.59375 0.540625 0.59375 0.58125 0.621875 0.58125 0.621875 0.540625
1 0.3625 0.43125 0.3234375 0.43125 0.3234375 0.4796875 0.3625 0.4796875 0.3625 0.43125
1 0.2015625 0.6078125 0.1484375 0.6078125 0.1484375 0.64375 0.2015625 0.64375 0.2015625 0.6078125
1 0.575 0.5578125 0.54375 0.5578125 0.54375 0.6078125 0.575 0.6078125 0.575 0.5578125