1 0.740625 0.2875 0.7125 0.2875 0.7125 0.3234375 0.740625 0.3234375 0.740625 0.2875
1 0.765625 0.321875 0.7421875 0.321875 0.7421875 0.35625 0.765625 0.35625 0.765625 0.321875
1 0.8078125 0.35 0.76875 0.35 0.76875 0.3890625 0.8078125 0.3890625 0.8078125 0.35
1 0.759375 0.3828125 0.7265625 0.3828125 0.7265625 0.421875 0.759375 0.421875 0.759375 0.3828125
1 0.703125 0.409375 0.6796875 0.409375 0.6796875 0.4375 0.703125 0.4375 0.703125 0.409375
1 0.66875 0.4296875 0.6375 0.4296875 0.6375 0.4578125 0.66875 0.4578125 0.66875 0.4296875
1 0.6375 0.4703125 0.6171875 0.4703125 0.6171875 0.4984375 0.6375 0.4984375 0.6375 0.4703125
1 0.60625 0.4765625 0.5828125 0.4765625 0.5828125 0.5203125 0.60625 0.5203125 0.60625 0.4765625
1 0.5765625 0.5140625 0.5515625 0.5140625 0.5515625 0.546875 0.5765625 0.546875 0.5765625 0.5140625
1 0.5484375 0.5359375 0.5234375 0.5359375 0.5234375 0.5703125 0.5484375 0.5703125 0.5484375 0.5359375
1 0.5203125 0.571875 0.4984375 0.571875 0.4984375 0.603125 0.5203125 0.603125 0.5203125 0.571875
1 0.48125 0.578125 0.45625 0.578125 0.45625 0.6140625 0.48125 0.6140625 0.48125 0.578125
1 0.446875 0.5984375 0.425 0.5984375 0.425 0.6359375 0.446875 0.6359375 0.446875 0.5984375
1 0.390625 0.5875 0.3671875 0.5875 0.3671875 0.6265625 0.390625 0.6265625 0.390625 0.5875
1 0.3453125 0.5953125 0.321875 0.5953125 0.321875 0.63125 0.3453125 0.63125 0.3453125 0.5953125
1 0.2984375 0.6046875 0.271875 0.6046875 0.271875 0.640625 0.2984375 0.640625 0.2984375 0.6046875
1 0.2484375 0.6171875 0.2265625 0.6171875 0.2265625 0.653125 0.2484375 0.653125 0.2484375 0.6171875
1 0.2171875 0.6296875 0.1953125 0.6296875 0.1953125 0.665625 0.2171875 0.665625 0.2171875 0.6296875