1 0.534375 0.3046875 0.503125 0.3046875 0.503125 0.34375 0.534375 0.34375 0.534375 0.3046875
1 0.465625 0.3234375 0.4453125 0.3234375 0.4453125 0.353125 0.465625 0.353125 0.465625 0.3234375
1 0.26875 0.3359375 0.2375 0.3359375 0.2375 0.375 0.26875 0.375 0.26875 0.3359375
1 0.384375 0.3703125 0.346875 0.3703125 0.346875 0.4078125 0.384375 0.4078125 0.384375 0.3703125
1 0.4125 0.35625 0.3859375 0.35625 0.3859375 0.4015625 0.4125 0.4015625 0.4125 0.35625
1 0.4515625 0.36875 0.4140625 0.36875 0.4140625 0.4046875 0.4515625 0.4046875 0.4515625 0.36875
1 0.45 0.4140625 0.41875 0.4140625 0.41875 0.440625 0.45 0.440625 0.45 0.4140625
1 0.509375 0.3984375 0.4765625 0.3984375 0.4765625 0.434375 0.509375 0.434375 0.509375 0.3984375
1 0.4875 0.4359375 0.453125 0.4359375 0.453125 0.4703125 0.4875 0.4703125 0.4875 0.4359375
1 0.50625 0.471875 0.4671875 0.471875 0.4671875 0.509375 0.50625 0.509375 0.50625 0.471875
1 0.6234375 0.559375 0.5921875 0.559375 0.5921875 0.5953125 0.6234375 0.5953125 0.6234375 0.559375
1 0.515625 0.5703125 0.48125 0.5703125 0.48125 0.5984375 0.515625 0.5984375 0.515625 0.5703125
1 0.4953125 0.5125 0.4671875 0.5125 0.4671875 0.5453125 0.4953125 0.5453125 0.4953125 0.5125
1 0.46875 0.521875 0.4390625 0.521875 0.4390625 0.5515625 0.46875 0.5515625 0.46875 0.521875
1 0.465625 0.653125 0.41875 0.653125 0.41875 0.7 0.465625 0.7 0.465625 0.653125
1 0.3734375 0.5234375 0.33125 0.5234375 0.33125 0.5796875 0.3734375 0.5796875 0.3734375 0.5234375
1 0.33125 0.4921875 0.2796875 0.4921875 0.2796875 0.534375 0.33125 0.534375 0.33125 0.4921875
1 0.396875 0.425 0.3671875 0.425 0.3671875 0.45625 0.396875 0.45625 0.396875 0.425
1 0.4046875 0.471875 0.38125 0.471875 0.38125 0.509375 0.4046875 0.509375 0.4046875 0.471875
1 0.384375 0.484375 0.3515625 0.484375 0.3515625 0.5125 0.384375 0.5125 0.384375 0.484375
1 0.38125 0.4640625 0.3609375 0.4640625 0.3609375 0.490625 0.38125 0.490625 0.38125 0.4640625
1 0.4390625 0.459375 0.41875 0.459375 0.41875 0.4921875 0.4390625 0.4921875 0.4390625 0.459375
1 0.4234375 0.4453125 0.4046875 0.4453125 0.4046875 0.4828125 0.4234375 0.4828125 0.4234375 0.4453125