1 0.346875 0.6390625 0.3015625 0.6390625 0.3015625 0.684375 0.346875 0.684375 0.346875 0.6390625
1 0.41875 0.5828125 0.3859375 0.5828125 0.3859375 0.634375 0.41875 0.634375 0.41875 0.5828125
1 0.4703125 0.6234375 0.440625 0.6234375 0.440625 0.665625 0.4703125 0.665625 0.4703125 0.6234375
1 0.490625 0.73125 0.4625 0.73125 0.4625 0.7625 0.490625 0.7625 0.490625 0.73125
1 0.4796875 0.80625 0.44375 0.80625 0.44375 0.8390625 0.4796875 0.8390625 0.4796875 0.80625
1 0.425 0.890625 0.3796875 0.890625 0.3796875 0.934375 0.425 0.934375 0.425 0.890625
1 0.5671875 0.6109375 0.534375 0.6109375 0.534375 0.653125 0.5671875 0.653125 0.5671875 0.6109375
1 0.5984375 0.53125 0.56875 0.53125 0.56875 0.56875 0.5984375 0.56875 0.5984375 0.53125
1 0.61875 0.5796875 0.6 0.5796875 0.6 0.6078125 0.61875 0.6078125 0.61875 0.5796875
1 0.640625 0.5953125 0.6078125 0.5953125 0.6078125 0.628125 0.640625 0.628125 0.640625 0.5953125
1 0.6328125 0.6265625 0.596875 0.6265625 0.596875 0.6546875 0.6328125 0.6546875 0.6328125 0.6265625
1 0.59375 0.671875 0.5625 0.671875 0.5625 0.7078125 0.59375 0.7078125 0.59375 0.671875
1 0.6796875 0.6421875 0.6546875 0.6421875 0.6546875 0.6703125 0.6796875 0.6703125 0.6796875 0.6421875
1 0.728125 0.6265625 0.7015625 0.6265625 0.7015625 0.6578125 0.728125 0.6578125 0.728125 0.6265625
1 0.790625 0.6359375 0.7625 0.6359375 0.7625 0.6640625 0.790625 0.6640625 0.790625 0.6359375
1 0.721875 0.5125 0.6984375 0.5125 0.6984375 0.55 0.721875 0.55 0.721875 0.5125
1 0.7640625 0.4859375 0.7359375 0.4859375 0.7359375 0.53125 0.7640625 0.53125 0.7640625 0.4859375
1 0.7921875 0.475 0.7625 0.475 0.7625 0.5265625 0.7921875 0.5265625 0.7921875 0.475
1 0.8296875 0.409375 0.7953125 0.409375 0.7953125 0.453125 0.8296875 0.453125 0.8296875 0.409375
1 0.940625 0.4453125 0.909375 0.4453125 0.909375 0.484375 0.940625 0.484375 0.940625 0.4453125
1 0.85625 0.528125 0.825 0.528125 0.825 0.5625 0.85625 0.5625 0.85625 0.528125