1 0.74375 0.321875 0.715625 0.321875 0.715625 0.3515625 0.74375 0.3515625 0.74375 0.321875
1 0.5671875 0.2484375 0.5375 0.2484375 0.5375 0.2875 0.5671875 0.2875 0.5671875 0.2484375
1 0.703125 0.3203125 0.6765625 0.3203125 0.6765625 0.359375 0.703125 0.359375 0.703125 0.3203125
1 0.1484375 0.7546875 0.1171875 0.7546875 0.1171875 0.7953125 0.1484375 0.7953125 0.1484375 0.7546875
1 0.8125 0.3359375 0.78125 0.3359375 0.78125 0.371875 0.8125 0.371875 0.8125 0.3359375
1 0.446875 0.4796875 0.4171875 0.4796875 0.4171875 0.515625 0.446875 0.515625 0.446875 0.4796875
1 0.434375 0.803125 0.4078125 0.803125 0.4078125 0.846875 0.434375 0.846875 0.434375 0.803125
1 0.7671875 0.65 0.734375 0.65 0.734375 0.6890625 0.7671875 0.6890625 0.7671875 0.65
1 0.315625 0.7453125 0.2875 0.7453125 0.2875 0.7875 0.315625 0.7875 0.315625 0.7453125
1 0.209375 0.43125 0.175 0.43125 0.175 0.4703125 0.209375 0.4703125 0.209375 0.43125
1 0.06875 0.1328125 0.034375 0.1328125 0.034375 0.1828125 0.06875 0.1828125 0.06875 0.1328125
1 0.4453125 0.6515625 0.409375 0.6515625 0.409375 0.696875 0.4453125 0.696875 0.4453125 0.6515625
1 0.3015625 0.634375 0.271875 0.634375 0.271875 0.6859375 0.3015625 0.6859375 0.3015625 0.634375
1 0.840625 0.6078125 0.80625 0.6078125 0.80625 0.6546875 0.840625 0.6546875 0.840625 0.6078125
1 0.696875 0.6375 0.6625 0.6375 0.6625 0.6921875 0.696875 0.6921875 0.696875 0.6375
1 0.14375 0.3265625 0.1078125 0.3265625 0.1078125 0.38125 0.14375 0.38125 0.14375 0.3265625
1 0.728125 0.4890625 0.6828125 0.4890625 0.6828125 0.540625 0.728125 0.540625 0.728125 0.4890625
1 0.9984375 0.4703125 0.9578125 0.4703125 0.9578125 0.5328125 0.9984375 0.5328125 0.9984375 0.4703125
1 0.3859375 0.0515625 0.3359375 0.0515625 0.3359375 0.13125 0.3859375 0.13125 0.3859375 0.0515625
1 0.6140625 0.6171875 0.5796875 0.6171875 0.5796875 0.6703125 0.6140625 0.6703125 0.6140625 0.6171875
1 0.6484375 0.68125 0.6265625 0.68125 0.6265625 0.7203125 0.6484375 0.7203125 0.6484375 0.68125
1 0.6359375 0.66875 0.609375 0.66875 0.609375 0.7046875 0.6359375 0.7046875 0.6359375 0.66875
1 0.0875 0.7125 0.065625 0.7125 0.065625 0.753125 0.0875 0.753125 0.0875 0.7125
1 0.0671875 0.7265625 0.040625 0.7265625 0.040625 0.76875 0.0671875 0.76875 0.0671875 0.7265625
1 0.6421875 0.6015625 0.6140625 0.6015625 0.6140625 0.653125 0.6421875 0.653125 0.6421875 0.6015625