1 0.6546875 0.40625 0.6203125 0.40625 0.6203125 0.425 0.6546875 0.425 0.6546875 0.40625
1 0.7703125 0.35 0.74375 0.35 0.74375 0.365625 0.7703125 0.365625 0.7703125 0.35
1 0.721875 0.478125 0.690625 0.478125 0.690625 0.5 0.721875 0.5 0.721875 0.478125
1 0.6625 0.4703125 0.628125 0.4703125 0.628125 0.4953125 0.6625 0.4953125 0.6625 0.4703125
1 0.6796875 0.5203125 0.6328125 0.5203125 0.6328125 0.540625 0.6796875 0.540625 0.6796875 0.5203125
1 0.609375 0.4265625 0.5734375 0.4265625 0.5734375 0.446875 0.609375 0.446875 0.609375 0.4265625
1 0.51875 0.4171875 0.4765625 0.4171875 0.4765625 0.440625 0.51875 0.440625 0.51875 0.4171875
1 0.4828125 0.459375 0.4359375 0.459375 0.4359375 0.4765625 0.4828125 0.4765625 0.4828125 0.459375
1 0.3609375 0.540625 0.3296875 0.540625 0.3296875 0.5609375 0.3609375 0.5609375 0.3609375 0.540625
1 0.4359375 0.5609375 0.4015625 0.5609375 0.4015625 0.5796875 0.4359375 0.5796875 0.4359375 0.5609375
1 0.4609375 0.5921875 0.428125 0.5921875 0.428125 0.6140625 0.4609375 0.6140625 0.4609375 0.5921875
1 0.284375 0.5625 0.25625 0.5625 0.25625 0.575 0.284375 0.575 0.284375 0.5625
1 0.2453125 0.565625 0.2140625 0.565625 0.2140625 0.5859375 0.2453125 0.5859375 0.2453125 0.565625
1 0.2453125 0.6203125 0.2125 0.6203125 0.2125 0.640625 0.2453125 0.640625 0.2453125 0.6203125
1 0.3140625 0.621875 0.28125 0.621875 0.28125 0.640625 0.3140625 0.640625 0.3140625 0.621875
1 0.159375 0.696875 0.121875 0.696875 0.121875 0.725 0.159375 0.725 0.159375 0.696875