1 0.923846153125 0.29214780625 0.896153846875 0.29214780625 0.896153846875 0.3383371828125 0.923846153125 0.3383371828125 0.923846153125 0.29214780625
1 0.9276923078125 0.3614318703125 0.886153846875 0.3614318703125 0.886153846875 0.41339491875 0.9276923078125 0.41339491875 0.9276923078125 0.3614318703125
1 0.963846153125 0.46420323281250003 0.9176923078125 0.46420323281250003 0.9176923078125 0.5138568125 0.963846153125 0.5138568125 0.963846153125 0.46420323281250003
1 0.8661538468750001 0.307159353125 0.8300000000000001 0.307159353125 0.8300000000000001 0.35912240156249997 0.8661538468750001 0.35912240156249997 0.8661538468750001 0.307159353125
1 0.8669230765625 0.3926097 0.8323076921875 0.3926097 0.8323076921875 0.4422632796875 0.8669230765625 0.4422632796875 0.8669230765625 0.3926097
1 0.7884615390625 0.37413394843750003 0.7515384609375 0.37413394843750003 0.7515384609375 0.41454965312500003 0.7884615390625 0.41454965312500003 0.7884615390625 0.37413394843750003
1 0.8376923078124999 0.44919168593750003 0.8184615390625 0.44919168593750003 0.8184615390625 0.47921478124999994 0.8376923078124999 0.47921478124999994 0.8376923078124999 0.44919168593750003
1 0.8515384609375 0.4722863734375 0.835384615625 0.4722863734375 0.835384615625 0.49769053124999996 0.8515384609375 0.49769053124999996 0.8515384609375 0.4722863734375
1 0.8630769234375 0.4953810625 0.83923076875 0.4953810625 0.83923076875 0.524249421875 0.8630769234375 0.524249421875 0.8630769234375 0.4953810625
1 0.8176923078125 0.5484988453125 0.784615384375 0.5484988453125 0.784615384375 0.5889145499999999 0.8176923078125 0.5889145499999999 0.8176923078125 0.5484988453125
1 0.81923076875 0.60969976875 0.8 0.60969976875 0.8 0.6327944578125 0.81923076875 0.6327944578125 0.81923076875 0.60969976875
1 0.79 0.6200923781250001 0.7723076921875001 0.6200923781250001 0.7723076921875001 0.6524249421875 0.79 0.6524249421875 0.79 0.6200923781250001
1 0.77 0.60046189375 0.7423076921875 0.60046189375 0.7423076921875 0.6316397234375 0.77 0.6316397234375 0.77 0.60046189375
1 0.7615384609375 0.5265588921875 0.7369230765625 0.5265588921875 0.7369230765625 0.5565819859375 0.7615384609375 0.5565819859375 0.7615384609375 0.5265588921875
1 0.7 0.47459584218749995 0.6730769234375 0.47459584218749995 0.6730769234375 0.50692840625 0.7 0.50692840625 0.7 0.47459584218749995
1 0.7023076921875 0.5577367203125 0.683846153125 0.5577367203125 0.683846153125 0.5842956125 0.7023076921875 0.5842956125 0.7023076921875 0.5577367203125
1 0.6684615390624999 0.5311778296874999 0.6530769234375 0.5311778296874999 0.6530769234375 0.5588914546875 0.6684615390624999 0.5588914546875 0.6684615390624999 0.5311778296874999
1 0.7023076921875 0.594688221875 0.67 0.594688221875 0.67 0.6281755203125 0.7023076921875 0.6281755203125 0.7023076921875 0.594688221875
1 0.7246153843750001 0.6316397234375 0.7115384609375 0.6316397234375 0.7115384609375 0.6547344109375001 0.7246153843750001 0.6547344109375001 0.7246153843750001 0.6316397234375
1 0.7607692312500001 0.6512702078125 0.7415384609375 0.6512702078125 0.7415384609375 0.68013856875 0.7607692312500001 0.68013856875 0.7607692312500001 0.6512702078125
1 0.664615384375 0.590069284375 0.6476923078125 0.590069284375 0.6476923078125 0.6131639718749999 0.664615384375 0.6131639718749999 0.664615384375 0.590069284375
1 0.6684615390624999 0.6073902999999999 0.63 0.6073902999999999 0.63 0.6327944578125 0.6684615390624999 0.6327944578125 0.6684615390624999 0.6073902999999999
1 0.6823076921875 0.6431870671875 0.65 0.6431870671875 0.65 0.6720554265625001 0.6823076921875 0.6720554265625001 0.6823076921875 0.6431870671875
1 0.6569230765625 0.6743648953125 0.6423076921875001 0.6743648953125 0.6423076921875001 0.7009237875000001 0.6569230765625 0.7009237875000001 0.6569230765625 0.6743648953125
1 0.6376923078125001 0.6374133953125 0.62 0.6374133953125 0.62 0.6651270203124999 0.6376923078125001 0.6651270203124999 0.6376923078125001 0.6374133953125
1 0.5276923078125 0.6570438796875 0.503846153125 0.6570438796875 0.503846153125 0.68937644375 0.5276923078125 0.68937644375 0.5276923078125 0.6570438796875
1 0.5776923078125 0.697459584375 0.5576923078125 0.697459584375 0.5576923078125 0.7297921484375001 0.5776923078125 0.7297921484375001 0.5776923078125 0.697459584375
1 0.6130769234375 0.69861431875 0.5984615390625 0.69861431875 0.5984615390625 0.7297921484375001 0.6130769234375 0.7297921484375001 0.6130769234375 0.69861431875
1 0.624615384375 0.7748267890625 0.59076923125 0.7748267890625 0.59076923125 0.804849884375 0.624615384375 0.804849884375 0.624615384375 0.7748267890625
1 0.7246153843750001 0.713625865625 0.704615384375 0.713625865625 0.704615384375 0.7436489609375 0.7246153843750001 0.7436489609375 0.7246153843750001 0.713625865625
1 0.7246153843750001 0.7401847578125 0.6923076921875 0.7401847578125 0.6923076921875 0.7644341796874999 0.7246153843750001 0.7644341796874999 0.7246153843750001 0.7401847578125
1 0.526153846875 0.8360277140625 0.506153846875 0.8360277140625 0.506153846875 0.8683602765625 0.526153846875 0.8683602765625 0.526153846875 0.8360277140625
1 0.5576923078125 0.8337182453124999 0.5330769234375 0.8337182453124999 0.5330769234375 0.8625866046875 0.5576923078125 0.8625866046875 0.5576923078125 0.8337182453124999
1 0.6115384609375 0.8891454968750001 0.583846153125 0.8891454968750001 0.583846153125 0.920323325 0.6115384609375 0.920323325 0.6115384609375 0.8891454968750001
1 0.65 0.8394919171874999 0.6276923078125 0.8394919171874999 0.6276923078125 0.8741339484375 0.65 0.8741339484375 0.65 0.8394919171874999
1 0.7169230765625 0.8394919171874999 0.694615384375 0.8394919171874999 0.694615384375 0.879907621875 0.7169230765625 0.879907621875 0.7169230765625 0.8394919171874999
1 0.735384615625 0.9676674359374999 0.7030769234375 0.9676674359374999 0.7030769234375 0.99769053125 0.735384615625 0.99769053125 0.735384615625 0.9676674359374999
1 0.80923076875 0.991916859375 0.7915384609375 0.991916859375 0.7915384609375 0.9988452656250001 0.80923076875 0.9988452656250001 0.80923076875 0.991916859375