1 0.3926829265625 0.7539267015625 0.309756096875 0.7539267015625 0.309756096875 0.853403140625 0.3926829265625 0.853403140625 0.3926829265625 0.7539267015625
1 0.262195121875 0.51483420625 0.17682926875 0.51483420625 0.17682926875 0.586387434375 0.262195121875 0.586387434375 0.262195121875 0.51483420625
1 0.652439025 0.8254799296875 0.57195121875 0.8254799296875 0.57195121875 0.9144851656249999 0.652439025 0.9144851656249999 0.652439025 0.8254799296875
1 0.8451219515625 0.4118673640625 0.7670731703125 0.4118673640625 0.7670731703125 0.493891796875 0.8451219515625 0.493891796875 0.8451219515625 0.4118673640625
1 0.8378048781249999 0.0977312390625 0.77439024375 0.0977312390625 0.77439024375 0.181500871875 0.8378048781249999 0.181500871875 0.8378048781249999 0.0977312390625
1 0.1536585359375 0.24781849843749998 0.06463414687499999 0.24781849843749998 0.06463414687499999 0.3420593375 0.1536585359375 0.3420593375 0.1536585359375 0.24781849843749998
1 0.852439025 0.554973821875 0.790243903125 0.554973821875 0.790243903125 0.633507853125 0.852439025 0.633507853125 0.852439025 0.554973821875
1 0.562195121875 0.6422338562500001 0.4939024390625 0.6422338562500001 0.4939024390625 0.710296684375 0.562195121875 0.710296684375 0.562195121875 0.6422338562500001
1 0.4939024390625 0.5514834203125 0.41951219531249995 0.5514834203125 0.41951219531249995 0.6300174515625 0.4939024390625 0.6300174515625 0.4939024390625 0.5514834203125
1 0.1640625 0.1625 0.071875 0.07890625
1 0.234375 0.20625 0.0625 0.103125
1 0.3484375 0.22890625 0.0828125 0.08046875
1 0.20859375 0.37265625 0.09375 0.0890625
1 0.30546875 0.440625 0.0625 0.06953125
1 0.3484375 0.36796875 0.0515625 0.04921875
1 0.4421875 0.3078125 0.0765625 0.075
1 0.46640625 0.4 0.07109375 0.06796875
1 0.55703125 0.40859375 0.07890625 0.075
1 0.55390625 0.1359375 0.0671875 0.08515625
1 0.4984375 0.19921875 0.08203125 0.07890625
1 0.6859375 0.2734375 0.08203125 0.059375
1 0.75078125 0.2328125 0.06328125 0.06484375
1 0.96328125 0.39765625 0.05 0.0734375
1 0.571875 0.3109375 0.09296875 0.103125
1 0.546875 0.5578125 0.09140625 0.071875