1 0.3815104171875 0.5206766921875 0.3268229171875 0.5206766921875 0.3268229171875 0.6296992484375 0.3815104171875 0.6296992484375 0.3815104171875 0.5206766921875
1 0.5481770828125 0.695488721875 0.484375 0.695488721875 0.484375 0.7819548875 0.5481770828125 0.7819548875 0.5481770828125 0.695488721875
1 0.6549479171875 0.1447368421875 0.6028645828125 0.1447368421875 0.6028645828125 0.26127819531249996 0.6549479171875 0.26127819531249996 0.6549479171875 0.1447368421875
1 0.15546875 0.22265625 0.0765625 0.11484375
1 0.12578125 0.31015625 0.07421875 0.0921875
1 0.321875 0.23671875 0.0703125 0.09375
1 0.3296875 0.35703125 0.0546875 0.07890625
1 0.409375 0.31875 0.0546875 0.08671875
1 0.38203125 0.37109375 0.06484375 0.06171875
1 0.3828125 0.4296875 0.0640625 0.0640625
1 0.3875 0.7671875 0.05078125 0.1
1 0.34453125 0.92734375 0.05859375 0.08984375
1 0.56640625 0.54609375 0.0375 0.07890625
1 0.6546875 0.4890625 0.0609375 0.103125
1 0.7640625 0.31015625 0.04453125 0.08828125
1 0.8890625 0.2921875 0.053125 0.08984375