1 0.63203125 0.44296875 0.0125 0.021875
1 0.675 0.53828125 0.009375 0.02421875
1 0.69765625 0.4546875 0.0109375 0.01640625
1 0.67421875 0.4390625 0.00703125 0.0125
1 0.6515625 0.446875 0.01015625 0.00859375
1 0.66171875 0.5390625 0.009375 0.0125
1 0.66015625 0.65546875 0.0078125 0.0140625
1 0.5703125 0.4375 0.0078125 0.01484375
1 0.61484375 0.4875 0.0046875 0.01015625
1 0.51171875 0.4703125 0.00546875 0.015625
1 0.5109375 0.459375 0.00625 0.00859375
1 0.49921875 0.4296875 0.00703125 0.01328125
1 0.484375 0.56953125 0.00546875 0.00703125
1 0.69765625 0.12578125 0.00703125 0.0203125
1 0.64609375 0.21015625 0.0125 0.01484375
1 0.575 0.34140625 0.00625 0.01484375
1 0.30625 0.6140625 0.009375 0.0109375
1 0.27578125 0.5859375 0.00859375 0.009375
1 0.93671875 0.02734375 0.009375 0.01015625
1 0.85859375 0.22421875 0.009375 0.01640625