1 0.22833333281249998 0.1775 0.1275 0.1775 0.1275 0.30125 0.22833333281249998 0.30125 0.22833333281249998 0.1775
1 0.4 0.20750000000000002 0.3125 0.20750000000000002 0.3125 0.305 0.4 0.305 0.4 0.20750000000000002
1 0.6224999999999999 0.24500000000000002 0.5408333328125 0.24500000000000002 0.5408333328125 0.34125 0.6224999999999999 0.34125 0.6224999999999999 0.24500000000000002
1 0.865 0.2325 0.7683333328125 0.2325 0.7683333328125 0.33999999999999997 0.865 0.33999999999999997 0.865 0.2325
1 0.7875 0.37374999999999997 0.6708333328125 0.37374999999999997 0.6708333328125 0.515 0.7875 0.515 0.7875 0.37374999999999997
1 0.6666666671875 0.4525 0.5316666671875 0.4525 0.5316666671875 0.53 0.6666666671875 0.53 0.6666666671875 0.4525
1 0.8858333328124999 0.6837500000000001 0.735 0.6837500000000001 0.735 0.81875 0.8858333328124999 0.81875 0.8858333328124999 0.6837500000000001
1 0.6266666671875 0.6475 0.5183333328125 0.6475 0.5183333328125 0.71875 0.6266666671875 0.71875 0.6266666671875 0.6475
1 0.27749999999999997 0.7125 0.12166666718750001 0.7125 0.12166666718750001 0.8862500000000001 0.27749999999999997 0.8862500000000001 0.27749999999999997 0.7125
1 0.32083333281250004 0.53625 0.2008333328125 0.53625 0.2008333328125 0.67875 0.32083333281250004 0.67875 0.32083333281250004 0.53625
1 0.5283333328125 0.4525 0.42000000000000004 0.4525 0.42000000000000004 0.595 0.5283333328125 0.595 0.5283333328125 0.4525
1 0.6275000000000001 0.545 0.5316666671875 0.545 0.5316666671875 0.6212500000000001 0.6275000000000001 0.6212500000000001 0.6275000000000001 0.545
1 0.5508333328125 0.725 0.4266666671875 0.725 0.4266666671875 0.87375 0.5508333328125 0.87375 0.5508333328125 0.725