1 0.31209677343750003 0.46823529375 0.22258064531250002 0.46823529375 0.22258064531250002 0.5847058828125 0.31209677343750003 0.5847058828125 0.31209677343750003 0.46823529375
1 0.3 0.2011764703125 0.2145161296875 0.2011764703125 0.2145161296875 0.3505882359375 0.3 0.3505882359375 0.3 0.2011764703125
1 0.10564516093750001 0.2788235296875 0.0395161296875 0.2788235296875 0.0395161296875 0.3611764703125 0.10564516093750001 0.3611764703125 0.10564516093750001 0.2788235296875
1 0.12177419375000001 0.5870588234375 0.0677419359375 0.5870588234375 0.0677419359375 0.662352940625 0.12177419375000001 0.662352940625 0.12177419375000001 0.5870588234375
1 0.595161290625 0.5070588234375 0.5314516125 0.5070588234375 0.5314516125 0.6 0.595161290625 0.6 0.595161290625 0.5070588234375
1 0.7129032265624999 0.4470588234375 0.64677419375 0.4470588234375 0.64677419375 0.5317647062499999 0.7129032265624999 0.5317647062499999 0.7129032265624999 0.4470588234375
1 0.75322580625 0.6905882359375 0.683064515625 0.6905882359375 0.683064515625 0.774117646875 0.75322580625 0.774117646875 0.75322580625 0.6905882359375
1 0.813709678125 0.9011764703124999 0.7483870968749999 0.9011764703124999 0.7483870968749999 0.96823529375 0.813709678125 0.96823529375 0.813709678125 0.9011764703124999
1 0.8838709671875 0.23529411718749998 0.7758064515624999 0.23529411718749998 0.7758064515624999 0.3094117640625 0.8838709671875 0.3094117640625 0.8838709671875 0.23529411718749998
1 0.6161290328125 0.0329411765625 0.554838709375 0.0329411765625 0.554838709375 0.1388235296875 0.6161290328125 0.1388235296875 0.6161290328125 0.0329411765625
1 0.4870967734375 0.58823529375 0.42580645156249997 0.58823529375 0.42580645156249997 0.662352940625 0.4870967734375 0.662352940625 0.4870967734375 0.58823529375