1 0.253125 0.4171875 0.196875 0.4171875 0.196875 0.475 0.253125 0.475 0.253125 0.4171875
1 0.2625 0.35 0.2296875 0.35 0.2296875 0.4359375 0.2625 0.4359375 0.2625 0.35
1 0.3046875 0.3296875 0.2546875 0.3296875 0.2546875 0.3859375 0.3046875 0.3859375 0.3046875 0.3296875
1 0.3625 0.2859375 0.29375 0.2859375 0.29375 0.36875 0.3625 0.36875 0.3625 0.2859375
1 0.378125 0.253125 0.33125 0.253125 0.33125 0.33125 0.378125 0.33125 0.378125 0.253125
1 0.4171875 0.2125 0.36875 0.2125 0.36875 0.2921875 0.4171875 0.2921875 0.4171875 0.2125
1 0.484375 0.1546875 0.4125 0.1546875 0.4125 0.2046875 0.484375 0.2046875 0.484375 0.1546875
1 0.5125 0.2609375 0.4578125 0.2609375 0.4578125 0.3 0.5125 0.3 0.5125 0.2609375
1 0.5515625 0.390625 0.5046875 0.390625 0.5046875 0.446875 0.5515625 0.446875 0.5515625 0.390625
1 0.5796875 0.465625 0.53125 0.465625 0.53125 0.515625 0.5796875 0.515625 0.5796875 0.465625
1 0.6140625 0.5203125 0.5625 0.5203125 0.5625 0.571875 0.6140625 0.571875 0.6140625 0.5203125
1 0.6453125 0.5671875 0.5984375 0.5671875 0.5984375 0.615625 0.6453125 0.615625 0.6453125 0.5671875
1 0.6890625 0.5765625 0.6484375 0.5765625 0.6484375 0.6703125 0.6890625 0.6703125 0.6890625 0.5765625
1 0.715625 0.659375 0.665625 0.659375 0.665625 0.709375 0.715625 0.709375 0.715625 0.659375
1 0.7515625 0.7125 0.6984375 0.7125 0.6984375 0.7578125 0.7515625 0.7578125 0.7515625 0.7125
1 0.771875 0.7453125 0.7296875 0.7453125 0.7296875 0.7890625 0.771875 0.7890625 0.771875 0.7453125
1 0.8125 0.796875 0.7546875 0.796875 0.7546875 0.8375 0.8125 0.8375 0.8125 0.796875
1 0.828125 0.8234375 0.7796875 0.8234375 0.7796875 0.8671875 0.828125 0.8671875 0.828125 0.8234375