1 0.0671875 0.2203125 0.0265625 0.2203125 0.0265625 0.284375 0.0671875 0.284375 0.0671875 0.2203125
1 0.13125 0.3703125 0.0984375 0.3703125 0.0984375 0.4484375 0.13125 0.4484375 0.13125 0.3703125
1 0.109375 0.20625 0.0875 0.20625 0.0875 0.3171875 0.109375 0.3171875 0.109375 0.20625
1 0.159375 0.2265625 0.13125 0.2265625 0.13125 0.29375 0.159375 0.29375 0.159375 0.2265625
1 0.1671875 0.3234375 0.1453125 0.3234375 0.1453125 0.384375 0.1671875 0.384375 0.1671875 0.3234375
1 0.2328125 0.20625 0.203125 0.20625 0.203125 0.278125 0.2328125 0.278125 0.2328125 0.20625
1 0.2328125 0.2984375 0.2109375 0.2984375 0.2109375 0.3671875 0.2328125 0.3671875 0.2328125 0.2984375
1 0.190625 0.425 0.1546875 0.425 0.1546875 0.4859375 0.190625 0.4859375 0.190625 0.425
1 0.26875 0.4828125 0.2296875 0.4828125 0.2296875 0.5765625 0.26875 0.5765625 0.26875 0.4828125
1 0.315625 0.390625 0.2890625 0.390625 0.2890625 0.4734375 0.315625 0.4734375 0.315625 0.390625
1 0.3546875 0.48125 0.31875 0.48125 0.31875 0.534375 0.3546875 0.534375 0.3546875 0.48125
1 0.284375 0.428125 0.253125 0.428125 0.253125 0.5328125 0.284375 0.5328125 0.284375 0.428125
1 0.2875 0.26875 0.2484375 0.26875 0.2484375 0.3234375 0.2875 0.3234375 0.2875 0.26875
1 0.340625 0.2109375 0.3015625 0.2109375 0.3015625 0.290625 0.340625 0.290625 0.340625 0.2109375
1 0.3703125 0.165625 0.3328125 0.165625 0.3328125 0.23125 0.3703125 0.23125 0.3703125 0.165625
1 0.3515625 0.2953125 0.3203125 0.2953125 0.3203125 0.384375 0.3515625 0.384375 0.3515625 0.2953125
1 0.425 0.1671875 0.4 0.1671875 0.4 0.325 0.425 0.325 0.425 0.1671875
1 0.5125 0.2640625 0.4625 0.2640625 0.4625 0.3265625 0.5125 0.3265625 0.5125 0.2640625
1 0.44375 0.396875 0.4140625 0.396875 0.4140625 0.48125 0.44375 0.48125 0.44375 0.396875
1 0.55625 0.4109375 0.521875 0.4109375 0.521875 0.4640625 0.55625 0.4640625 0.55625 0.4109375
1 0.5890625 0.3578125 0.5546875 0.3578125 0.5546875 0.4453125 0.5890625 0.4453125 0.5890625 0.3578125
1 0.684375 0.259375 0.6609375 0.259375 0.6609375 0.3359375 0.684375 0.3359375 0.684375 0.259375
1 0.7078125 0.4828125 0.6796875 0.4828125 0.6796875 0.5515625 0.7078125 0.5515625 0.7078125 0.4828125
1 0.7828125 0.4578125 0.7515625 0.4578125 0.7515625 0.5515625 0.7828125 0.5515625 0.7828125 0.4578125
1 0.759375 0.4359375 0.7265625 0.4359375 0.7265625 0.490625 0.759375 0.490625 0.759375 0.4359375
1 0.83125 0.2546875 0.7953125 0.2546875 0.7953125 0.3171875 0.83125 0.3171875 0.83125 0.2546875
1 0.9625 0.36875 0.925 0.36875 0.925 0.4375 0.9625 0.4375 0.9625 0.36875
1 0.875 0.4515625 0.8453125 0.4515625 0.8453125 0.5015625 0.875 0.5015625 0.875 0.4515625
1 0.828125 0.4875 0.8046875 0.4875 0.8046875 0.5546875 0.828125 0.5546875 0.828125 0.4875
1 0.840625 0.7296875 0.8203125 0.7296875 0.8203125 0.8234375 0.840625 0.8234375 0.840625 0.7296875
1 0.896875 0.5890625 0.8609375 0.5890625 0.8609375 0.64375 0.896875 0.64375 0.896875 0.5890625
1 0.896875 0.66875 0.8640625 0.66875 0.8640625 0.7296875 0.896875 0.7296875 0.896875 0.66875
1 0.8609375 0.684375 0.828125 0.684375 0.828125 0.7703125 0.8609375 0.7703125 0.8609375 0.684375
1 0.93125 0.628125 0.8921875 0.628125 0.8921875 0.6859375 0.93125 0.6859375 0.93125 0.628125
1 0.9859375 0.6453125 0.9578125 0.6453125 0.9578125 0.709375 0.9859375 0.709375 0.9859375 0.6453125