1 0.190625 0.6171875 0.1015625 0.6171875 0.1015625 0.7109375 0.190625 0.7109375 0.190625 0.6171875
1 0.265625 0.503125 0.20625 0.503125 0.20625 0.584375 0.265625 0.584375 0.265625 0.503125
1 0.3125 0.4546875 0.2421875 0.4546875 0.2421875 0.584375 0.3125 0.584375 0.3125 0.4546875
1 0.353125 0.40625 0.2828125 0.40625 0.2828125 0.5734375 0.353125 0.5734375 0.353125 0.40625
1 0.403125 0.475 0.340625 0.475 0.340625 0.5484375 0.403125 0.5484375 0.403125 0.475
1 0.38125 0.35 0.3046875 0.35 0.3046875 0.4328125 0.38125 0.4328125 0.38125 0.35
1 0.446875 0.29375 0.375 0.29375 0.375 0.3546875 0.446875 0.3546875 0.446875 0.29375
1 0.43125 0.3359375 0.3609375 0.3359375 0.3609375 0.4390625 0.43125 0.4390625 0.43125 0.3359375
1 0.4859375 0.3578125 0.415625 0.3578125 0.415625 0.425 0.4859375 0.425 0.4859375 0.3578125
1 0.73125 0.28125 0.6515625 0.28125 0.6515625 0.340625 0.73125 0.340625 0.73125 0.28125
1 0.625 0.278125 0.5265625 0.278125 0.5265625 0.3203125 0.625 0.3203125 0.625 0.278125
1 0.7328125 0.3859375 0.66875 0.3859375 0.66875 0.484375 0.7328125 0.484375 0.7328125 0.3859375
1 0.621875 0.4796875 0.5453125 0.4796875 0.5453125 0.540625 0.621875 0.540625 0.621875 0.4796875
1 0.5484375 0.3984375 0.471875 0.3984375 0.471875 0.4734375 0.5484375 0.4734375 0.5484375 0.3984375
1 0.575 0.3046875 0.478125 0.3046875 0.478125 0.3734375 0.575 0.3734375 0.575 0.3046875
1 0.5765625 0.3671875 0.50625 0.3671875 0.50625 0.428125 0.5765625 0.428125 0.5765625 0.3671875
1 0.6734375 0.3390625 0.603125 0.3390625 0.603125 0.4328125 0.6734375 0.4328125 0.6734375 0.3390625
1 0.6796875 0.4015625 0.5625 0.4015625 0.5625 0.4625 0.6796875 0.4625 0.6796875 0.4015625