1 0.065625 0.4296875 0.021875 0.4296875 0.021875 0.496875 0.065625 0.496875 0.065625 0.4296875
1 0.1265625 0.3390625 0.071875 0.3390625 0.071875 0.4125 0.1265625 0.4125 0.1265625 0.3390625
1 0.1390625 0.521875 0.090625 0.521875 0.090625 0.5875 0.1390625 0.5875 0.1390625 0.521875
1 0.1859375 0.46875 0.1453125 0.46875 0.1453125 0.5421875 0.1859375 0.5421875 0.1859375 0.46875
1 0.2375 0.40625 0.1859375 0.40625 0.1859375 0.4671875 0.2375 0.4671875 0.2375 0.40625
1 0.309375 0.346875 0.265625 0.346875 0.265625 0.4203125 0.309375 0.4203125 0.309375 0.346875
1 0.3859375 0.290625 0.3390625 0.290625 0.3390625 0.3375 0.3859375 0.3375 0.3859375 0.290625
1 0.4765625 0.221875 0.421875 0.221875 0.421875 0.2953125 0.4765625 0.2953125 0.4765625 0.221875
1 0.290625 0.5171875 0.2328125 0.5171875 0.2328125 0.590625 0.290625 0.590625 0.290625 0.5171875
1 0.3765625 0.559375 0.321875 0.559375 0.321875 0.6125 0.3765625 0.6125 0.3765625 0.559375
1 0.3109375 0.4296875 0.271875 0.4296875 0.271875 0.5046875 0.3109375 0.5046875 0.3109375 0.4296875
1 0.4453125 0.5109375 0.4046875 0.5109375 0.4046875 0.5890625 0.4453125 0.5890625 0.4453125 0.5109375
1 0.4015625 0.48125 0.35625 0.48125 0.35625 0.5328125 0.4015625 0.5328125 0.4015625 0.48125
1 0.475 0.428125 0.4125 0.428125 0.4125 0.4859375 0.475 0.4859375 0.475 0.428125
1 0.5203125 0.3296875 0.4625 0.3296875 0.4625 0.3890625 0.5203125 0.3890625 0.5203125 0.3296875
1 0.5765625 0.3859375 0.5234375 0.3859375 0.5234375 0.440625 0.5765625 0.440625 0.5765625 0.3859375
1 0.53125 0.4421875 0.4921875 0.4421875 0.4921875 0.5328125 0.53125 0.5328125 0.53125 0.4421875
1 0.5890625 0.5328125 0.5359375 0.5328125 0.5359375 0.590625 0.5890625 0.590625 0.5890625 0.5328125
1 0.678125 0.3203125 0.6296875 0.3203125 0.6296875 0.3859375 0.678125 0.3859375 0.678125 0.3203125
1 0.634375 0.41875 0.590625 0.41875 0.590625 0.4796875 0.634375 0.4796875 0.634375 0.41875
1 0.69375 0.4671875 0.6453125 0.4671875 0.6453125 0.534375 0.69375 0.534375 0.69375 0.4671875
1 0.7 0.5484375 0.6484375 0.5484375 0.6484375 0.6046875 0.7 0.6046875 0.7 0.5484375
1 0.7609375 0.4734375 0.7078125 0.4734375 0.7078125 0.53125 0.7609375 0.53125 0.7609375 0.4734375
1 0.71875 0.3859375 0.6765625 0.3859375 0.6765625 0.453125 0.71875 0.453125 0.71875 0.3859375
1 0.9078125 0.321875 0.8484375 0.321875 0.8484375 0.3984375 0.9078125 0.3984375 0.9078125 0.321875
1 0.8171875 0.4203125 0.7703125 0.4203125 0.7703125 0.475 0.8171875 0.475 0.8171875 0.4203125
1 0.871875 0.5015625 0.828125 0.5015625 0.828125 0.546875 0.871875 0.546875 0.871875 0.5015625
1 0.8203125 0.5421875 0.7609375 0.5421875 0.7609375 0.59375 0.8203125 0.59375 0.8203125 0.5421875
1 0.9046875 0.5625 0.859375 0.5625 0.859375 0.628125 0.9046875 0.628125 0.9046875 0.5625
1 0.9796875 0.5125 0.921875 0.5125 0.921875 0.55625 0.9796875 0.55625 0.9796875 0.5125
1 0.9296875 0.4453125 0.884375 0.4453125 0.884375 0.4828125 0.9296875 0.4828125 0.9296875 0.4453125
1 0.5671875 0.4671875 0.5328125 0.4671875 0.5328125 0.515625 0.5671875 0.515625 0.5671875 0.4671875