1 0.18125 0.41875 0.134375 0.41875 0.134375 0.484375 0.18125 0.484375 0.18125 0.41875
1 0.2765625 0.3859375 0.2078125 0.3859375 0.2078125 0.4578125 0.2765625 0.4578125 0.2765625 0.3859375
1 0.371875 0.0546875 0.309375 0.0546875 0.309375 0.1125 0.371875 0.1125 0.371875 0.0546875
1 0.8796875 0.05625 0.815625 0.05625 0.815625 0.14375 0.8796875 0.14375 0.8796875 0.05625
1 0.859375 0.25625 0.7953125 0.25625 0.7953125 0.3453125 0.859375 0.3453125 0.859375 0.25625
1 0.9765625 0.3609375 0.9171875 0.3609375 0.9171875 0.43125 0.9765625 0.43125 0.9765625 0.3609375
1 0.7078125 0.4734375 0.6546875 0.4734375 0.6546875 0.521875 0.7078125 0.521875 0.7078125 0.4734375
1 0.6015625 0.3609375 0.5640625 0.3609375 0.5640625 0.421875 0.6015625 0.421875 0.6015625 0.3609375
1 0.628125 0.5671875 0.56875 0.5671875 0.56875 0.625 0.628125 0.625 0.628125 0.5671875
1 0.5375 0.4890625 0.4796875 0.4890625 0.4796875 0.5421875 0.5375 0.5421875 0.5375 0.4890625
1 0.4078125 0.5703125 0.3640625 0.5703125 0.3640625 0.6328125 0.4078125 0.6328125 0.4078125 0.5703125
1 0.3703125 0.5578125 0.3125 0.5578125 0.3125 0.6046875 0.3703125 0.6046875 0.3703125 0.5578125
1 0.384375 0.346875 0.328125 0.346875 0.328125 0.415625 0.384375 0.415625 0.384375 0.346875
1 0.4765625 0.2921875 0.4359375 0.2921875 0.4359375 0.3625 0.4765625 0.3625 0.4765625 0.2921875
1 0.534375 0.346875 0.471875 0.346875 0.471875 0.4125 0.534375 0.4125 0.534375 0.346875