1 0.0578125 0.1921875 0.03125 0.1921875 0.03125 0.259375 0.0578125 0.259375 0.0578125 0.1921875
1 0.1109375 0.2015625 0.0765625 0.2015625 0.0765625 0.2796875 0.1109375 0.2796875 0.1109375 0.2015625
1 0.1328125 0.3296875 0.103125 0.3296875 0.103125 0.4140625 0.1328125 0.4140625 0.1328125 0.3296875
1 0.146875 0.246875 0.1234375 0.246875 0.1234375 0.3296875 0.146875 0.3296875 0.146875 0.246875
1 0.15625 0.2046875 0.1265625 0.2046875 0.1265625 0.2796875 0.15625 0.2796875 0.15625 0.2046875
1 0.16875 0.3 0.14375 0.3 0.14375 0.3796875 0.16875 0.3796875 0.16875 0.3
1 0.190625 0.3953125 0.1640625 0.3953125 0.1640625 0.459375 0.190625 0.459375 0.190625 0.3953125
1 0.2375 0.1984375 0.2046875 0.1984375 0.2046875 0.2515625 0.2375 0.2515625 0.2375 0.1984375
1 0.2453125 0.2734375 0.2125 0.2734375 0.2125 0.328125 0.2453125 0.328125 0.2453125 0.2734375
1 0.284375 0.24375 0.2515625 0.24375 0.2515625 0.303125 0.284375 0.303125 0.284375 0.24375
1 0.334375 0.225 0.3125 0.225 0.3125 0.2734375 0.334375 0.2734375 0.334375 0.225
1 0.3625 0.153125 0.3375 0.153125 0.3375 0.228125 0.3625 0.228125 0.3625 0.153125
1 0.4203125 0.1953125 0.3921875 0.1953125 0.3921875 0.2609375 0.4203125 0.2609375 0.4203125 0.1953125
1 0.4203125 0.2359375 0.4 0.2359375 0.4 0.2921875 0.4203125 0.2921875 0.4203125 0.2359375
1 0.5109375 0.2390625 0.471875 0.2390625 0.471875 0.3015625 0.5109375 0.3015625 0.5109375 0.2390625
1 0.5859375 0.3390625 0.5578125 0.3390625 0.5578125 0.4140625 0.5859375 0.4140625 0.5859375 0.3390625
1 0.5484375 0.365625 0.5203125 0.365625 0.5203125 0.4296875 0.5484375 0.4296875 0.5484375 0.365625
1 0.4484375 0.384375 0.4109375 0.384375 0.4109375 0.446875 0.4484375 0.446875 0.4484375 0.384375
1 0.3515625 0.3140625 0.33125 0.3140625 0.33125 0.3578125 0.3515625 0.3578125 0.3515625 0.3140625
1 0.31875 0.3609375 0.284375 0.3609375 0.284375 0.4390625 0.31875 0.4390625 0.31875 0.3609375
1 0.3515625 0.44375 0.3171875 0.44375 0.3171875 0.5015625 0.3515625 0.5015625 0.3515625 0.44375
1 0.2734375 0.40625 0.2453125 0.40625 0.2453125 0.4515625 0.2734375 0.4515625 0.2734375 0.40625
1 0.278125 0.425 0.25625 0.425 0.25625 0.4890625 0.278125 0.4890625 0.278125 0.425
1 0.2703125 0.4640625 0.2296875 0.4640625 0.2296875 0.5203125 0.2703125 0.5203125 0.2703125 0.4640625
1 0.6890625 0.2578125 0.6546875 0.2578125 0.6546875 0.3015625 0.6890625 0.3015625 0.6890625 0.2578125
1 0.8328125 0.24375 0.8015625 0.24375 0.8015625 0.284375 0.8328125 0.284375 0.8328125 0.24375
1 0.9609375 0.346875 0.93125 0.346875 0.93125 0.409375 0.9609375 0.409375 0.9609375 0.346875
1 0.7109375 0.459375 0.6796875 0.459375 0.6796875 0.5078125 0.7109375 0.5078125 0.7109375 0.459375
1 0.828125 0.4671875 0.8015625 0.4671875 0.8015625 0.50625 0.828125 0.50625 0.828125 0.4671875
1 0.871875 0.4203125 0.84375 0.4203125 0.84375 0.45625 0.871875 0.45625 0.871875 0.4203125
1 0.771875 0.44375 0.7484375 0.44375 0.7484375 0.475 0.771875 0.475 0.771875 0.44375
1 0.9859375 0.6 0.9546875 0.6 0.9546875 0.6703125 0.9859375 0.6703125 0.9859375 0.6
1 0.85 0.6921875 0.81875 0.6921875 0.81875 0.7484375 0.85 0.7484375 0.85 0.6921875
1 0.8953125 0.6390625 0.871875 0.6390625 0.871875 0.68125 0.8953125 0.68125 0.8953125 0.6390625