1 0.85625 0.2453125 0.7609375 0.2453125 0.7609375 0.31875 0.85625 0.31875 0.85625 0.2453125
1 0.6875 0.28125 0.584375 0.28125 0.584375 0.396875 0.6875 0.396875 0.6875 0.28125
1 0.5859375 0.4171875 0.496875 0.4171875 0.496875 0.5125 0.5859375 0.5125 0.5859375 0.4171875
1 0.5046875 0.5 0.4109375 0.5 0.4109375 0.5859375 0.5046875 0.5859375 0.5046875 0.5
1 0.3609375 0.5375 0.2703125 0.5375 0.2703125 0.6203125 0.3609375 0.6203125 0.3609375 0.5375
1 0.325 0.453125 0.228125 0.453125 0.228125 0.5390625 0.325 0.5390625 0.325 0.453125
1 0.371875 0.378125 0.2625 0.378125 0.2625 0.446875 0.371875 0.446875 0.371875 0.378125
1 0.346875 0.2953125 0.259375 0.2953125 0.259375 0.3875 0.346875 0.3875 0.346875 0.2953125
1 0.415625 0.3 0.3390625 0.3 0.3390625 0.425 0.415625 0.425 0.415625 0.3
1 0.4984375 0.2765625 0.415625 0.2765625 0.415625 0.36875 0.4984375 0.36875 0.4984375 0.2765625
1 0.5109375 0.4 0.409375 0.4 0.409375 0.4703125 0.5109375 0.4703125 0.5109375 0.4
1 0.3859375 0.50625 0.3328125 0.50625 0.3328125 0.5625 0.3859375 0.5625 0.3859375 0.50625