1 0.91875 0.6828125 0.859375 0.6828125 0.859375 0.7578125 0.91875 0.7578125 0.91875 0.6828125
1 0.9421875 0.409375 0.8328125 0.409375 0.8328125 0.4875 0.9421875 0.4875 0.9421875 0.409375
1 0.865625 0.0265625 0.80625 0.0265625 0.80625 0.09375 0.865625 0.09375 0.865625 0.0265625
1 0.6921875 0.015625 0.5890625 0.015625 0.5890625 0.1109375 0.6921875 0.1109375 0.6921875 0.015625
1 0.5640625 0.1671875 0.49375 0.1671875 0.49375 0.2125 0.5640625 0.2125 0.5640625 0.1671875
1 0.315625 0.165625 0.2578125 0.165625 0.2578125 0.240625 0.315625 0.240625 0.315625 0.165625
1 0.2953125 0.346875 0.2109375 0.346875 0.2109375 0.4125 0.2953125 0.4125 0.2953125 0.346875
1 0.5953125 0.3625 0.5265625 0.3625 0.5265625 0.4171875 0.5953125 0.4171875 0.5953125 0.3625
1 0.5078125 0.3734375 0.4359375 0.3734375 0.4359375 0.484375 0.5078125 0.484375 0.5078125 0.3734375
1 0.478125 0.3515625 0.371875 0.3515625 0.371875 0.4390625 0.478125 0.4390625 0.478125 0.3515625
1 0.4046875 0.6703125 0.3375 0.6703125 0.3375 0.7453125 0.4046875 0.7453125 0.4046875 0.6703125
1 0.24375 0.8296875 0.1671875 0.8296875 0.1671875 0.8859375 0.24375 0.8859375 0.24375 0.8296875
1 0.128125 0.5828125 0.0390625 0.5828125 0.0390625 0.6703125 0.128125 0.6703125 0.128125 0.5828125
1 0.11875 0.7265625 0.0296875 0.7265625 0.0296875 0.7859375 0.11875 0.7859375 0.11875 0.7265625