1 0.69555555625 0.525 0.64 0.525 0.64 0.6183333328125 0.69555555625 0.6183333328125 0.69555555625 0.525
1 0.837777778125 0.505 0.7933333328125001 0.505 0.7933333328125001 0.6 0.837777778125 0.6 0.837777778125 0.505
1 0.9266666671875001 0.48666666718749996 0.887777778125 0.48666666718749996 0.887777778125 0.58 0.9266666671875001 0.58 0.9266666671875001 0.48666666718749996
1 0.6044444437500001 0.5349999999999999 0.562222221875 0.5349999999999999 0.562222221875 0.62 0.6044444437500001 0.62 0.6044444437500001 0.5349999999999999
1 0.48555555625 0.1966666671875 0.45 0.1966666671875 0.45 0.28500000000000003 0.48555555625 0.28500000000000003 0.48555555625 0.1966666671875
1 0.53 0.12 0.48555555625 0.12 0.48555555625 0.195 0.53 0.195 0.53 0.12
1 0.57444444375 0.0416666671875 0.5333333328125 0.0416666671875 0.5333333328125 0.11000000000000001 0.57444444375 0.11000000000000001 0.57444444375 0.0416666671875
1 0.4011111109375 0.2916666671875 0.3633333328125 0.2916666671875 0.3633333328125 0.38 0.4011111109375 0.38 0.4011111109375 0.2916666671875
1 0.3233333328125 0.3966666671875 0.2833333328125 0.3966666671875 0.2833333328125 0.4716666671875 0.3233333328125 0.4716666671875 0.3233333328125 0.3966666671875
1 0.27 0.5083333328124999 0.2233333328125 0.5083333328124999 0.2233333328125 0.5916666671875 0.27 0.5916666671875 0.27 0.5083333328124999
1 0.37 0.5133333328125 0.322222221875 0.5133333328125 0.322222221875 0.5933333328125 0.37 0.5933333328125 0.37 0.5133333328125
1 0.47444444375000006 0.5166666671875 0.43333333281249997 0.5166666671875 0.43333333281249997 0.5900000000000001 0.47444444375000006 0.5900000000000001 0.47444444375000006 0.5166666671875
1 0.5466666671875 0.525 0.5133333328125 0.525 0.5133333328125 0.585 0.5466666671875 0.585 0.5466666671875 0.525