1 0.55 0.3921875 0.515625 0.3921875 0.515625 0.4875 0.55 0.4875 0.55 0.3921875
1 0.49375 0.4015625 0.4515625 0.4015625 0.4515625 0.471875 0.49375 0.471875 0.49375 0.4015625
1 0.4046875 0.359375 0.3640625 0.359375 0.3640625 0.4296875 0.4046875 0.4296875 0.4046875 0.359375
1 0.321875 0.503125 0.265625 0.503125 0.265625 0.615625 0.321875 0.615625 0.321875 0.503125
1 0.4109375 0.5453125 0.3625 0.5453125 0.3625 0.6421875 0.4109375 0.6421875 0.4109375 0.5453125
1 0.4515625 0.4546875 0.403125 0.4546875 0.403125 0.5515625 0.4515625 0.5515625 0.4515625 0.4546875
1 0.5125 0.4796875 0.46875 0.4796875 0.46875 0.5703125 0.5125 0.5703125 0.5125 0.4796875
1 0.4796875 0.5265625 0.4421875 0.5265625 0.4421875 0.6125 0.4796875 0.6125 0.4796875 0.5265625
1 0.465625 0.5875 0.4203125 0.5875 0.4203125 0.6515625 0.465625 0.6515625 0.465625 0.5875
1 0.425 0.640625 0.3828125 0.640625 0.3828125 0.7046875 0.425 0.7046875 0.425 0.640625
1 0.4171875 0.678125 0.375 0.678125 0.375 0.7421875 0.4171875 0.7421875 0.4171875 0.678125
1 0.3796875 0.734375 0.3375 0.734375 0.3375 0.8046875 0.3796875 0.8046875 0.3796875 0.734375
1 0.321875 0.7796875 0.284375 0.7796875 0.284375 0.8328125 0.321875 0.8328125 0.321875 0.7796875