1 0.790625 0.21875 0.7171875 0.21875 0.7171875 0.3453125 0.790625 0.3453125 0.790625 0.21875
1 0.721875 0.25 0.646875 0.25 0.646875 0.353125 0.721875 0.353125 0.721875 0.25
1 0.6515625 0.28125 0.578125 0.28125 0.578125 0.3734375 0.6515625 0.3734375 0.6515625 0.28125
1 0.5859375 0.3328125 0.5125 0.3328125 0.5125 0.43125 0.5859375 0.43125 0.5859375 0.3328125
1 0.5234375 0.371875 0.446875 0.371875 0.446875 0.475 0.5234375 0.475 0.5234375 0.371875
1 0.4703125 0.396875 0.3703125 0.396875 0.3703125 0.5125 0.4703125 0.5125 0.4703125 0.396875
1 0.3953125 0.428125 0.284375 0.428125 0.284375 0.5375 0.3953125 0.5375 0.3953125 0.428125
1 0.30625 0.4796875 0.215625 0.4796875 0.215625 0.565625 0.30625 0.565625 0.30625 0.4796875
1 0.38125 0.5515625 0.3015625 0.5515625 0.3015625 0.6609375 0.38125 0.6609375 0.38125 0.5515625
1 0.446875 0.546875 0.38125 0.546875 0.38125 0.6609375 0.446875 0.6609375 0.446875 0.546875
1 0.4953125 0.6359375 0.4328125 0.6359375 0.4328125 0.7046875 0.4953125 0.7046875 0.4953125 0.6359375
1 0.5734375 0.6640625 0.5078125 0.6640625 0.5078125 0.784375 0.5734375 0.784375 0.5734375 0.6640625
1 0.640625 0.709375 0.5640625 0.709375 0.5640625 0.8078125 0.640625 0.8078125 0.640625 0.709375
1 0.7046875 0.746875 0.6359375 0.746875 0.6359375 0.85625 0.7046875 0.85625 0.7046875 0.746875
1 0.7796875 0.821875 0.7140625 0.821875 0.7140625 0.9203125 0.7796875 0.9203125 0.7796875 0.821875