1 0.44461538437500003 0.32323232343749997 0.3523076921875 0.32323232343749997 0.3523076921875 0.39393939375000003 0.44461538437500003 0.39393939375000003 0.44461538437500003 0.32323232343749997
1 0.304615384375 0.4520202015625 0.23692307656249997 0.4520202015625 0.23692307656249997 0.5176767671875 0.304615384375 0.5176767671875 0.304615384375 0.4520202015625
1 0.204615384375 0.4393939390625 0.1430769234375 0.4393939390625 0.1430769234375 0.5 0.204615384375 0.5 0.204615384375 0.4393939390625
1 0.153846153125 0.5833333328125 0.084615384375 0.5833333328125 0.084615384375 0.6388888890625 0.153846153125 0.6388888890625 0.153846153125 0.5833333328125
1 0.2723076921875 0.5833333328125 0.1984615390625 0.5833333328125 0.1984615390625 0.628787878125 0.2723076921875 0.628787878125 0.2723076921875 0.5833333328125
1 0.45076923124999996 0.696969696875 0.386153846875 0.696969696875 0.386153846875 0.747474746875 0.45076923124999996 0.747474746875 0.45076923124999996 0.696969696875
1 0.4830769234375 0.553030303125 0.426153846875 0.553030303125 0.426153846875 0.60606060625 0.4830769234375 0.60606060625 0.4830769234375 0.553030303125
1 0.895384615625 0.5429292921875 0.8323076921875 0.5429292921875 0.8323076921875 0.6136363640625 0.895384615625 0.6136363640625 0.895384615625 0.5429292921875
1 0.804615384375 0.7020202015625 0.746153846875 0.7020202015625 0.746153846875 0.7626262625 0.804615384375 0.7626262625 0.804615384375 0.7020202015625
1 0.4276923078125 0.5075757578125 0.3815384609375 0.5075757578125 0.3815384609375 0.5555555562500001 0.4276923078125 0.5555555562500001 0.4276923078125 0.5075757578125
1 0.9769230765625 0.66919191875 0.9230769234375 0.66919191875 0.9230769234375 0.7196969703125 0.9769230765625 0.7196969703125 0.9769230765625 0.66919191875