1 0.72711864375 0.1054216875 0.6847457625 0.1054216875 0.6847457625 0.19277108437499998 0.72711864375 0.19277108437499998 0.72711864375 0.1054216875
1 0.6508474578125 0.150602409375 0.6101694921874999 0.150602409375 0.6101694921874999 0.2289156625 0.6508474578125 0.2289156625 0.6508474578125 0.150602409375
1 0.6101694921874999 0.1837349390625 0.571186440625 0.1837349390625 0.571186440625 0.25301204843749997 0.6101694921874999 0.25301204843749997 0.6101694921874999 0.1837349390625
1 0.5593220343749999 0.2108433734375 0.5186440671875 0.2108433734375 0.5186440671875 0.28313252968749997 0.5593220343749999 0.28313252968749997 0.5593220343749999 0.2108433734375
1 0.5067796609374999 0.234939759375 0.47288135625 0.234939759375 0.47288135625 0.2951807234375 0.5067796609374999 0.2951807234375 0.5067796609374999 0.234939759375
1 0.44406779687500003 0.28313252968749997 0.40677966093749995 0.28313252968749997 0.40677966093749995 0.3524096390625 0.44406779687500003 0.3524096390625 0.44406779687500003 0.28313252968749997
1 0.3796610171875 0.2951807234375 0.33050847499999997 0.2951807234375 0.33050847499999997 0.37951807187500003 0.3796610171875 0.37951807187500003 0.3796610171875 0.2951807234375
1 0.3101694921875 0.33433735000000003 0.2610169484375 0.33433735000000003 0.2610169484375 0.41566264999999997 0.3101694921875 0.41566264999999997 0.3101694921875 0.33433735000000003
1 0.24237288124999998 0.3674698796875 0.20338983124999999 0.3674698796875 0.20338983124999999 0.44879518125000006 0.24237288124999998 0.44879518125000006 0.24237288124999998 0.3674698796875
1 0.18813559375 0.457831325 0.14915254218750001 0.457831325 0.14915254218750001 0.5331325296875 0.18813559375 0.5331325296875 0.18813559375 0.457831325
1 0.1152542375 0.4307228921875 0.074576271875 0.4307228921875 0.074576271875 0.5030120484375 0.1152542375 0.5030120484375 0.1152542375 0.4307228921875
1 0.2847457625 0.5060240968749999 0.2338983046875 0.5060240968749999 0.2338983046875 0.5753012046875 0.2847457625 0.5753012046875 0.2847457625 0.5060240968749999
1 0.325423728125 0.527108434375 0.28813559375 0.527108434375 0.28813559375 0.5903614453125 0.325423728125 0.5903614453125 0.325423728125 0.527108434375
1 0.4186440671875 0.5963855421875001 0.383050846875 0.5963855421875001 0.383050846875 0.662650603125 0.4186440671875 0.662650603125 0.4186440671875 0.5963855421875001
1 0.3474576265625 0.5783132531249999 0.316949153125 0.5783132531249999 0.316949153125 0.6325301203125 0.3474576265625 0.6325301203125 0.3474576265625 0.5783132531249999
1 0.45762711874999995 0.629518071875 0.428813559375 0.629518071875 0.428813559375 0.6957831328124999 0.45762711874999995 0.6957831328124999 0.45762711874999995 0.629518071875
1 0.5372881359375 0.6475903609375 0.5 0.6475903609375 0.5 0.722891565625 0.5372881359375 0.722891565625 0.5372881359375 0.6475903609375