1 0.7152542375000001 0.0903614453125 0.674576271875 0.0903614453125 0.674576271875 0.17469879531250002 0.7152542375000001 0.17469879531250002 0.7152542375000001 0.0903614453125
1 0.640677965625 0.1385542171875 0.601694915625 0.1385542171875 0.601694915625 0.213855421875 0.640677965625 0.213855421875 0.640677965625 0.1385542171875
1 0.6 0.17469879531250002 0.5627118640625 0.17469879531250002 0.5627118640625 0.2409638546875 0.6 0.2409638546875 0.6 0.17469879531250002
1 0.5508474578125 0.20783132499999998 0.51186440625 0.20783132499999998 0.51186440625 0.277108434375 0.5508474578125 0.277108434375 0.5508474578125 0.20783132499999998
1 0.498305084375 0.23795180781249997 0.46440677968750005 0.23795180781249997 0.46440677968750005 0.2951807234375 0.498305084375 0.2951807234375 0.498305084375 0.23795180781249997
1 0.43898305156250006 0.292168675 0.40338983125 0.292168675 0.40338983125 0.35843373437500003 0.43898305156250006 0.35843373437500003 0.43898305156250006 0.292168675
1 0.37288135625 0.3102409640625 0.325423728125 0.3102409640625 0.325423728125 0.39156626562499997 0.37288135625 0.39156626562499997 0.37288135625 0.3102409640625
1 0.30677966093750003 0.35542168749999997 0.259322034375 0.35542168749999997 0.259322034375 0.43373493906249994 0.30677966093750003 0.43373493906249994 0.30677966093750003 0.35542168749999997
1 0.2389830515625 0.39457831250000003 0.201694915625 0.39457831250000003 0.201694915625 0.472891565625 0.2389830515625 0.472891565625 0.2389830515625 0.39457831250000003
1 0.186440678125 0.4909638546875 0.14915254218750001 0.4909638546875 0.14915254218750001 0.5632530124999999 0.186440678125 0.5632530124999999 0.186440678125 0.4909638546875
1 0.1152542375 0.46987951875 0.0762711859375 0.46987951875 0.0762711859375 0.5391566265625001 0.1152542375 0.5391566265625001 0.1152542375 0.46987951875
1 0.2847457625 0.53012048125 0.23559322031250002 0.53012048125 0.23559322031250002 0.5963855421875001 0.2847457625 0.5963855421875001 0.2847457625 0.53012048125
1 0.32711864375 0.5481927703125 0.2915254234375 0.5481927703125 0.2915254234375 0.6084337343749999 0.32711864375 0.6084337343749999 0.32711864375 0.5481927703125
1 0.4220338984375 0.6084337343749999 0.38813559375 0.6084337343749999 0.38813559375 0.6716867468750001 0.4220338984375 0.6716867468750001 0.4220338984375 0.6084337343749999
1 0.3508474578125 0.5933734937499999 0.3203389828125 0.5933734937499999 0.3203389828125 0.6475903609375 0.3508474578125 0.6475903609375 0.3508474578125 0.5933734937499999
1 0.4627118640625 0.63554216875 0.4355932203125 0.63554216875 0.4355932203125 0.7018072296875 0.4627118640625 0.7018072296875 0.4627118640625 0.63554216875
1 0.54237288125 0.6475903609375 0.5067796609374999 0.6475903609375 0.5067796609374999 0.71987951875 0.54237288125 0.71987951875 0.54237288125 0.6475903609375