1 0.26708984375 0.30072992656249997 0.1689453125 0.30072992656249997 0.1689453125 0.36569343125 0.26708984375 0.36569343125 0.26708984375 0.30072992656249997
1 0.248046875 0.47591240937499996 0.1552734375 0.47591240937499996 0.1552734375 0.5394160578125 0.248046875 0.5394160578125 0.248046875 0.47591240937499996
1 0.35205078125 0.42627737187500003 0.27783203125 0.42627737187500003 0.27783203125 0.4905109484375 0.35205078125 0.4905109484375 0.35205078125 0.42627737187500003
1 0.40478515625 0.23649635 0.3212890625 0.23649635 0.3212890625 0.2963503640625 0.40478515625 0.2963503640625 0.40478515625 0.23649635
1 0.49462890625 0.291240875 0.41455078125 0.291240875 0.41455078125 0.364963503125 0.49462890625 0.364963503125 0.49462890625 0.291240875
1 0.513671875 0.181751825 0.43115234375 0.181751825 0.43115234375 0.2605839421875 0.513671875 0.2605839421875 0.513671875 0.181751825
1 0.736328125 0.36131386875 0.62744140625 0.36131386875 0.62744140625 0.445255475 0.736328125 0.445255475 0.736328125 0.36131386875
1 0.8017578125 0.5277372265625 0.70556640625 0.5277372265625 0.70556640625 0.57956204375 0.8017578125 0.57956204375 0.8017578125 0.5277372265625
1 0.8798828125 0.6357664234375 0.78369140625 0.6357664234375 0.78369140625 0.6810218984375 0.8798828125 0.6810218984375 0.8798828125 0.6357664234375
1 0.6962890625 0.708759125 0.61865234375 0.708759125 0.61865234375 0.7824817515625 0.6962890625 0.7824817515625 0.6962890625 0.708759125
1 0.96435546875 0.8810218984375 0.8779296875 0.8810218984375 0.8779296875 0.9459854015625 0.96435546875 0.9459854015625 0.96435546875 0.8810218984375