1 0.3586666671875 0.595547309375 0.272 0.595547309375 0.272 0.6864564 0.3586666671875 0.6864564 0.3586666671875 0.595547309375
1 0.5213333328124999 0.6159554734375 0.4413333328125 0.6159554734375 0.4413333328125 0.6901669765625 0.5213333328124999 0.6901669765625 0.5213333328124999 0.6159554734375
1 0.72 0.6066790359375 0.6413333328124999 0.6066790359375 0.6413333328124999 0.6864564 0.72 0.6864564 0.72 0.6066790359375
1 0.9253333328125001 0.5992578843749999 0.852 0.5992578843749999 0.852 0.6901669765625 0.9253333328125001 0.6901669765625 0.9253333328125001 0.5992578843749999
1 0.9720000000000001 0.5231910953125001 0.9026666671875001 0.5231910953125001 0.9026666671875001 0.588126159375 0.9720000000000001 0.588126159375 0.9720000000000001 0.5231910953125001
1 0.8973333328124999 0.48979591874999995 0.82 0.48979591874999995 0.82 0.5565862703125 0.8973333328124999 0.5565862703125 0.8973333328124999 0.48979591874999995
1 0.8133333328125 0.46196660468750006 0.752 0.46196660468750006 0.752 0.5231910953125001 0.8133333328125 0.5231910953125001 0.8133333328125 0.46196660468750006
1 0.764 0.410018553125 0.6866666671874999 0.410018553125 0.6866666671874999 0.48979591874999995 0.764 0.48979591874999995 0.764 0.410018553125
1 0.788 0.51020408125 0.716 0.51020408125 0.716 0.578849721875 0.788 0.578849721875 0.788 0.51020408125
1 0.708 0.50649350625 0.64 0.50649350625 0.64 0.5565862703125 0.708 0.5565862703125 0.708 0.50649350625
1 0.6679999999999999 0.3784786640625 0.5853333328125 0.3784786640625 0.5853333328125 0.46753246718749997 0.6679999999999999 0.46753246718749997 0.6679999999999999 0.3784786640625