1 0.25078125 0.5546875 0.0296875 0.071875
1 0.34765625 0.54921875 0.0265625 0.059375
1 0.30546875 0.434375 0.0296875 0.0703125
1 0.38203125 0.3390625 0.0296875 0.065625
1 0.47265625 0.24296875 0.0296875 0.0828125
1 0.50390625 0.1609375 0.0328125 0.0828125
1 0.55234375 0.07890625 0.0359375 0.071875
1 0.45625 0.5546875 0.0265625 0.0609375
1 0.53671875 0.56015625 0.0265625 0.059375
1 0.58203125 0.5765625 0.0296875 0.071875
1 0.66875 0.58203125 0.028125 0.071875
1 0.81484375 0.5515625 0.0296875 0.0765625
1 0.9109375 0.5328125 0.0265625 0.071875