1 0.1015625 0.44296875 0.0484375 0.0203125
1 0.04453125 0.53828125 0.0421875 0.0234375
1 0.23828125 0.51484375 0.0359375 0.0296875
1 0.32109375 0.50703125 0.0359375 0.0265625
1 0.51796875 0.46484375 0.0359375 0.0234375
1 0.70546875 0.4515625 0.0296875 0.0171875
1 0.74140625 0.28359375 0.0296875 0.0203125
1 0.86328125 0.371875 0.0359375 0.0234375
1 0.5328125 0.28359375 0.0421875 0.0140625
1 0.7765625 0.5015625 0.0296875 0.0171875
1 0.8515625 0.48359375 0.0359375 0.0140625
1 0.9109375 0.4953125 0.0359375 0.0234375
1 0.753125 0.553125 0.0421875 0.0265625
1 0.5890625 0.596875 0.0359375 0.0265625
1 0.4703125 0.63515625 0.0359375 0.0171875
1 0.30390625 0.61796875 0.0359375 0.015625
1 0.10703125 0.625 0.0359375 0.0234375
1 0.2234375 0.7 0.0296875 0.0203125
1 0.184375 0.71796875 0.0234375 0.015625
1 0.14296875 0.746875 0.0359375 0.0125
1 0.20859375 0.75 0.0359375 0.0140625
1 0.26171875 0.71484375 0.0359375 0.0171875
1 0.23828125 0.83515625 0.0234375 0.0171875
1 0.3125 0.846875 0.0296875 0.0140625
1 0.05390625 0.8484375 0.0234375 0.0171875
1 0.05078125 0.78203125 0.0296875 0.015625
1 0.52109375 0.675 0.0421875 0.015625
1 0.48515625 0.68671875 0.0296875 0.0203125
1 0.49375 0.71015625 0.0484375 0.0203125
1 0.434375 0.79140625 0.0359375 0.0171875
1 0.55078125 0.81015625 0.0296875 0.0140625
1 0.77109375 0.78359375 0.0421875 0.0203125
1 0.74375 0.625 0.0359375 0.0171875
1 0.83046875 0.6046875 0.0296875 0.0234375
1 0.92890625 0.63203125 0.0359375 0.015625
1 0.871875 0.71640625 0.0296875 0.0203125
1 0.9078125 0.71796875 0.0296875 0.015625
1 0.82421875 0.81171875 0.0421875 0.0109375
1 0.82109375 0.83671875 0.0359375 0.0203125
1 0.76171875 0.84140625 0.0234375 0.0171875
1 0.67578125 0.828125 0.0296875 0.0171875
1 0.5890625 0.90703125 0.0359375 0.0140625
1 0.67265625 0.95703125 0.0359375 0.0140625
1 0.17890625 0.928125 0.0359375 0.0171875
1 0.06875 0.96640625 0.0296875 0.0203125
1 0.125 0.98359375 0.0234375 0.0140625
1 0.2234375 0.971875 0.0296875 0.0109375
1 0.98515625 0.66171875 0.0296875 0.0171875