1 0.5203125 0.1296875 0.03125 0.075
1 0.39140625 0.28046875 0.028125 0.0625
1 0.4484375 0.37890625 0.0453125 0.053125
1 0.28203125 0.4765625 0.028125 0.0640625
1 0.3109375 0.653125 0.0234375 0.08125
1 0.35078125 0.6390625 0.028125 0.040625
1 0.4515625 0.5984375 0.03125 0.0625
1 0.54140625 0.65625 0.03125 0.075
1 0.5515625 0.73984375 0.03125 0.08125
1 0.47265625 0.69375 0.025 0.08125
1 0.3953125 0.7484375 0.028125 0.0515625
1 0.3609375 0.765625 0.040625 0.075
1 0.23203125 0.72578125 0.025 0.0625
1 0.13203125 0.70234375 0.03125 0.0859375
1 0.59296875 0.31796875 0.0234375 0.0703125
1 0.60859375 0.346875 0.028125 0.1046875
1 0.57890625 0.2109375 0.059375 0.0640625
1 0.82265625 0.1875 0.03125 0.075