1 0.525 0.0765625 0.49375 0.0765625 0.49375 0.134375 0.525 0.134375 0.525 0.0765625
1 0.2703125 0.3734375 0.2328125 0.3734375 0.2328125 0.4328125 0.2703125 0.4328125 0.2703125 0.3734375
1 0.3984375 0.5671875 0.3609375 0.5671875 0.3609375 0.615625 0.3984375 0.615625 0.3984375 0.5671875
1 0.453125 0.628125 0.421875 0.628125 0.421875 0.6671875 0.453125 0.6671875 0.453125 0.628125
1 0.64375 0.484375 0.6125 0.484375 0.6125 0.5390625 0.64375 0.5390625 0.64375 0.484375
1 0.6046875 0.1 0.5734375 0.1 0.5734375 0.1546875 0.6046875 0.1546875 0.6046875 0.1
1 0.56875 0.1046875 0.5375 0.1046875 0.5375 0.1421875 0.56875 0.1421875 0.56875 0.1046875
1 0.94375 0.025 0.915625 0.025 0.915625 0.0828125 0.94375 0.0828125 0.94375 0.025
1 0.8859375 0.08125 0.85625 0.08125 0.85625 0.1421875 0.8859375 0.1421875 0.8859375 0.08125
1 0.8625 0.1671875 0.821875 0.1671875 0.821875 0.228125 0.8625 0.228125 0.8625 0.1671875
1 0.853125 0.26875 0.821875 0.26875 0.821875 0.3234375 0.853125 0.3234375 0.853125 0.26875
1 0.721875 0.259375 0.6875 0.259375 0.6875 0.321875 0.721875 0.321875 0.721875 0.259375
1 0.646875 0.2828125 0.6125 0.2828125 0.6125 0.3234375 0.646875 0.3234375 0.646875 0.2828125
1 0.3890625 0.2984375 0.3625 0.2984375 0.3625 0.3421875 0.3890625 0.3421875 0.3890625 0.2984375
1 0.3921875 0.4140625 0.3515625 0.4140625 0.3515625 0.4671875 0.3921875 0.4671875 0.3921875 0.4140625
1 0.5625 0.5171875 0.5390625 0.5171875 0.5390625 0.559375 0.5625 0.559375 0.5625 0.5171875
1 0.228125 0.6515625 0.2015625 0.6515625 0.2015625 0.703125 0.228125 0.703125 0.228125 0.6515625
1 0.24375 0.5453125 0.2140625 0.5453125 0.2140625 0.59375 0.24375 0.59375 0.24375 0.5453125
1 0.134375 0.66875 0.0921875 0.66875 0.0921875 0.71875 0.134375 0.71875 0.134375 0.66875
1 0.1875 0.73125 0.1515625 0.73125 0.1515625 0.7875 0.1875 0.7875 0.1875 0.73125
1 0.5328125 0.3765625 0.5015625 0.3765625 0.5015625 0.4125 0.5328125 0.4125 0.5328125 0.3765625
1 0.490625 0.75 0.459375 0.75 0.459375 0.8015625 0.490625 0.8015625 0.490625 0.75
1 0.446875 0.75625 0.4171875 0.75625 0.4171875 0.8 0.446875 0.8 0.446875 0.75625
1 0.35 0.659375 0.315625 0.659375 0.315625 0.7140625 0.35 0.7140625 0.35 0.659375
1 0.3609375 0.8796875 0.334375 0.8796875 0.334375 0.925 0.3609375 0.925 0.3609375 0.8796875
1 0.753125 0.6140625 0.7265625 0.6140625 0.7265625 0.653125 0.753125 0.653125 0.753125 0.6140625
1 0.9328125 0.3671875 0.9078125 0.3671875 0.9078125 0.409375 0.9328125 0.409375 0.9328125 0.3671875
1 0.959375 0.203125 0.928125 0.203125 0.928125 0.2578125 0.959375 0.2578125 0.959375 0.203125
1 0.7546875 0.2 0.73125 0.2 0.73125 0.246875 0.7546875 0.246875 0.7546875 0.2
1 0.665625 0.16875 0.621875 0.16875 0.621875 0.2375 0.665625 0.2375 0.665625 0.16875
1 0.809375 0.0578125 0.78125 0.0578125 0.78125 0.0890625 0.809375 0.0890625 0.809375 0.0578125
1 0.4890625 0.3953125 0.4484375 0.3953125 0.4484375 0.4359375 0.4890625 0.4359375 0.4890625 0.3953125
1 0.2484375 0.4390625 0.2125 0.4390625 0.2125 0.4859375 0.2484375 0.4859375 0.2484375 0.4390625
1 0.1796875 0.4921875 0.1484375 0.4921875 0.1484375 0.534375 0.1796875 0.534375 0.1796875 0.4921875
1 0.5515625 0.6109375 0.5234375 0.6109375 0.5234375 0.6515625 0.5515625 0.6515625 0.5515625 0.6109375
1 0.5046875 0.621875 0.46875 0.621875 0.46875 0.6578125 0.5046875 0.6578125 0.5046875 0.621875
1 0.509375 0.6609375 0.4875 0.6609375 0.4875 0.703125 0.509375 0.703125 0.509375 0.6609375
1 0.6234375 0.80625 0.5875 0.80625 0.5875 0.8515625 0.6234375 0.8515625 0.6234375 0.80625
1 0.6953125 0.7171875 0.6578125 0.7171875 0.6578125 0.7578125 0.6953125 0.7578125 0.6953125 0.7171875
1 0.8734375 0.61875 0.834375 0.61875 0.834375 0.66875 0.8734375 0.66875 0.8734375 0.61875
1 0.809375 0.603125 0.778125 0.603125 0.778125 0.640625 0.809375 0.640625 0.809375 0.603125
1 0.7328125 0.4203125 0.6984375 0.4203125 0.6984375 0.45625 0.7328125 0.45625 0.7328125 0.4203125
1 0.553125 0.8453125 0.521875 0.8453125 0.521875 0.8953125 0.553125 0.8953125 0.553125 0.8453125
1 0.4640625 0.840625 0.4375 0.840625 0.4375 0.86875 0.4640625 0.86875 0.4640625 0.840625
1 0.5921875 0.9015625 0.5578125 0.9015625 0.5578125 0.9484375 0.5921875 0.9484375 0.5921875 0.9015625
1 0.2984375 0.821875 0.2703125 0.821875 0.2703125 0.85625 0.2984375 0.85625 0.2984375 0.821875
1 0.99375 0.3390625 0.9671875 0.3390625 0.9671875 0.40625 0.99375 0.40625 0.99375 0.3390625
1 0.9875 0.2640625 0.9546875 0.2640625 0.9546875 0.3171875 0.9875 0.3171875 0.9875 0.2640625