1 0.26875 0.5140625 0.2265625 0.5140625 0.2265625 0.5953125 0.26875 0.5953125 0.26875 0.5140625
1 0.3203125 0.40625 0.2890625 0.40625 0.2890625 0.4796875 0.3203125 0.4796875 0.3203125 0.40625
1 0.4015625 0.3015625 0.365625 0.3015625 0.365625 0.378125 0.4015625 0.378125 0.4015625 0.3015625
1 0.490625 0.19375 0.4484375 0.19375 0.4484375 0.2859375 0.490625 0.2859375 0.490625 0.19375
1 0.5296875 0.121875 0.4875 0.121875 0.4875 0.20625 0.5296875 0.20625 0.5296875 0.121875
1 0.56875 0.0390625 0.5375 0.0390625 0.5375 0.11875 0.56875 0.11875 0.56875 0.0390625
1 0.3671875 0.521875 0.328125 0.521875 0.328125 0.58125 0.3671875 0.58125 0.3671875 0.521875
1 0.4734375 0.5203125 0.4421875 0.5203125 0.4421875 0.5859375 0.4734375 0.5859375 0.4734375 0.5203125
1 0.5484375 0.528125 0.5171875 0.528125 0.5171875 0.5828125 0.5484375 0.5828125 0.5484375 0.528125
1 0.5984375 0.546875 0.5703125 0.546875 0.5703125 0.6140625 0.5984375 0.6140625 0.5984375 0.546875
1 0.6875 0.540625 0.653125 0.540625 0.653125 0.6203125 0.6875 0.6203125 0.6875 0.540625
1 0.83125 0.509375 0.8 0.509375 0.8 0.59375 0.83125 0.59375 0.83125 0.509375
1 0.9265625 0.4953125 0.8921875 0.4953125 0.8921875 0.58125 0.9265625 0.58125 0.9265625 0.4953125