1 0.3953125 0.396875 0.353125 0.396875 0.353125 0.440625 0.3953125 0.440625 0.3953125 0.396875
1 0.484375 0.359375 0.4296875 0.359375 0.4296875 0.403125 0.484375 0.403125 0.484375 0.359375
1 0.4953125 0.4140625 0.4484375 0.4140625 0.4484375 0.4546875 0.4953125 0.4546875 0.4953125 0.4140625
1 0.65625 0.546875 0.6015625 0.546875 0.6015625 0.590625 0.65625 0.590625 0.65625 0.546875
1 0.496875 0.2515625 0.446875 0.2515625 0.446875 0.30625 0.496875 0.30625 0.496875 0.2515625
1 0.5984375 0.290625 0.546875 0.290625 0.546875 0.3296875 0.5984375 0.3296875 0.5984375 0.290625
1 0.6515625 0.2515625 0.590625 0.2515625 0.590625 0.290625 0.6515625 0.290625 0.6515625 0.2515625
1 0.5640625 0.2109375 0.515625 0.2109375 0.515625 0.25 0.5640625 0.25 0.5640625 0.2109375
1 0.4953125 0.1484375 0.4484375 0.1484375 0.4484375 0.1921875 0.4953125 0.1921875 0.4953125 0.1484375
1 0.6328125 0.1375 0.578125 0.1375 0.578125 0.175 0.6328125 0.175 0.6328125 0.1375
1 0.703125 0.0890625 0.6296875 0.0890625 0.6296875 0.1390625 0.703125 0.1390625 0.703125 0.0890625