1 0.090625 0.4671875 0.0296875 0.0828125
1 0.1890625 0.45390625 0.021875 0.0765625
1 0.334375 0.42890625 0.0375 0.071875
1 0.421875 0.4234375 0.0296875 0.0609375
1 0.46875 0.4484375 0.0296875 0.0546875
1 0.54375 0.4484375 0.0328125 0.0546875
1 0.65625 0.4484375 0.0328125 0.0546875
1 0.7546875 0.45390625 0.0328125 0.065625
1 0.7 0.565625 0.0328125 0.0703125
1 0.6203125 0.66953125 0.0265625 0.071875
1 0.534375 0.76484375 0.028125 0.065625
1 0.49609375 0.84140625 0.040625 0.0765625
1 0.45234375 0.92890625 0.0328125 0.065625