1 0.03828125 0.82890625 0.0234375 0.0421875
1 0.109375 0.6890625 0.0265625 0.0515625
1 0.1703125 0.75625 0.0265625 0.0421875
1 0.21484375 0.67890625 0.0234375 0.0515625
1 0.1609375 0.515625 0.0296875 0.0359375
1 0.2203125 0.5703125 0.034375 0.0515625
1 0.23203125 0.45859375 0.0265625 0.0359375
1 0.24296875 0.39921875 0.0265625 0.0515625
1 0.084375 0.9609375 0.015625 0.0265625
1 0.11484375 0.9453125 0.0234375 0.0265625
1 0.13984375 0.91484375 0.034375 0.0359375
1 0.19921875 0.9765625 0.0234375 0.0359375
1 0.2046875 0.925 0.0203125 0.0359375
1 0.2203125 0.909375 0.0203125 0.0359375
1 0.246875 0.91171875 0.0203125 0.03125
1 0.22421875 0.98203125 0.0265625 0.0359375
1 0.2625 0.97421875 0.0265625 0.03125
1 0.27578125 0.9171875 0.0234375 0.0421875
1 0.28125 0.834375 0.034375 0.0421875
1 0.27578125 0.79765625 0.03125 0.03125
1 0.2890625 0.7203125 0.0265625 0.0421875
1 0.3046875 0.69140625 0.0265625 0.0359375
1 0.33359375 0.6890625 0.0234375 0.0515625
1 0.346875 0.90390625 0.0265625 0.046875
1 0.36953125 0.75625 0.0265625 0.03125
1 0.365625 0.621875 0.0203125 0.03125
1 0.3734375 0.59296875 0.0265625 0.0359375
1 0.396875 0.56484375 0.0265625 0.0421875
1 0.36953125 0.44296875 0.0265625 0.0578125
1 0.36953125 0.31328125 0.0265625 0.0359375
1 0.47109375 0.4171875 0.0234375 0.0359375
1 0.490625 0.3546875 0.0234375 0.0265625
1 0.51328125 0.39375 0.0234375 0.03125
1 0.54375 0.5359375 0.03125 0.046875
1 0.5078125 0.590625 0.0265625 0.03125
1 0.43515625 0.65 0.0265625 0.046875
1 0.48671875 0.6375 0.0234375 0.03125
1 0.5 0.68125 0.0265625 0.0359375
1 0.40625 0.78515625 0.0234375 0.0265625
1 0.43515625 0.78203125 0.0265625 0.0515625
1 0.475 0.771875 0.0234375 0.0515625
1 0.38671875 0.83671875 0.0234375 0.0359375
1 0.39453125 0.8703125 0.03125 0.03125
1 0.41796875 0.93515625 0.03125 0.0359375
1 0.41953125 0.9765625 0.034375 0.0359375
1 0.45 0.8546875 0.0265625 0.03125
1 0.47109375 0.9328125 0.0234375 0.0421875
1 0.4921875 0.940625 0.0203125 0.0359375
1 0.475 0.984375 0.0234375 0.03125
1 0.4984375 0.81640625 0.0234375 0.0359375
1 0.53828125 0.87578125 0.0265625 0.0421875
1 0.54765625 0.940625 0.0234375 0.0359375
1 0.57265625 0.9296875 0.0265625 0.046875
1 0.5609375 0.75390625 0.0265625 0.0265625
1 0.6015625 0.83125 0.0234375 0.046875
1 0.6171875 0.78984375 0.03125 0.0359375
1 0.559375 0.68359375 0.0234375 0.0421875
1 0.53828125 0.6296875 0.0203125 0.046875
1 0.62421875 0.5078125 0.0234375 0.0515625
1 0.64140625 0.5546875 0.0265625 0.0421875
1 0.6171875 0.64765625 0.0234375 0.0203125
1 0.609375 0.68359375 0.0234375 0.0515625
1 0.58984375 0.68671875 0.0234375 0.0359375
1 0.6765625 0.73828125 0.0265625 0.046875
1 0.7203125 0.6609375 0.0234375 0.0359375
1 0.73984375 0.63203125 0.015625 0.03125
1 0.7890625 0.621875 0.0234375 0.03125
1 0.78125 0.68125 0.0390625 0.0359375
1 0.80859375 0.7328125 0.0234375 0.046875
1 0.8484375 0.63984375 0.0265625 0.046875
1 0.7296875 0.5390625 0.0265625 0.021875
1 0.7125 0.4375 0.0234375 0.0359375
1 0.66484375 0.34453125 0.0265625 0.0265625
1 0.6203125 0.29765625 0.03125 0.0359375
1 0.4921875 0.1296875 0.0265625 0.0421875
1 0.509375 0.10625 0.03125 0.046875
1 0.55 0.12421875 0.0265625 0.03125
1 0.5859375 0.1265625 0.03125 0.046875
1 0.628125 0.10390625 0.03125 0.03125
1 0.63984375 0.20234375 0.03125 0.0515625
1 0.6953125 0.28203125 0.0265625 0.046875
1 0.73984375 0.2125 0.03125 0.0421875
1 0.7375 0.134375 0.0265625 0.040625
1 0.74140625 0.04921875 0.0265625 0.046875
1 0.79140625 0.07265625 0.0265625 0.0421875
1 0.7625 0.39921875 0.0234375 0.0421875
1 0.82734375 0.3703125 0.0234375 0.046875
1 0.821875 0.42734375 0.0265625 0.05625
1 0.84296875 0.41171875 0.0234375 0.0359375
1 0.83515625 0.30078125 0.03125 0.0625
1 0.8390625 0.20234375 0.0234375 0.0625
1 0.86015625 0.17890625 0.034375 0.0578125
1 0.871875 0.11171875 0.0265625 0.0578125
1 0.8984375 0.11640625 0.0265625 0.0359375
1 0.93125 0.04375 0.03125 0.0578125
1 0.9421875 0.2359375 0.03125 0.0578125
1 0.915625 0.39140625 0.03125 0.046875
1 0.90234375 0.4296875 0.0265625 0.03125
1 0.88125 0.4484375 0.0234375 0.0265625
1 0.98046875 0.378125 0.03125 0.0515625
1 0.97734375 0.29296875 0.03125 0.0578125
1 0.9828125 0.2359375 0.0203125 0.0359375
1 0.9828125 0.19140625 0.034375 0.0421875
1 0.3375 0.9609375 0.03125 0.0265625