1 0.415625 0.590625 0.3625 0.590625 0.3625 0.66875 0.415625 0.66875 0.415625 0.590625
1 0.6125 0.4703125 0.5640625 0.4703125 0.5640625 0.528125 0.6125 0.528125 0.6125 0.4703125
1 0.615625 0.5375 0.5734375 0.5375 0.5734375 0.5921875 0.615625 0.5921875 0.615625 0.5375
1 0.6546875 0.59375 0.5875 0.59375 0.5875 0.6484375 0.6546875 0.6484375 0.6546875 0.59375
1 0.64375 0.640625 0.6015625 0.640625 0.6015625 0.6921875 0.64375 0.6921875 0.64375 0.640625
1 0.609375 0.709375 0.5421875 0.709375 0.5421875 0.7609375 0.609375 0.7609375 0.609375 0.709375
1 0.546875 0.871875 0.5 0.871875 0.5 0.9203125 0.546875 0.9203125 0.546875 0.871875
1 0.5078125 0.828125 0.4671875 0.828125 0.4671875 0.8625 0.5078125 0.8625 0.5078125 0.828125
1 0.8375 0.3203125 0.771875 0.3203125 0.771875 0.3859375 0.8375 0.3859375 0.8375 0.3203125
1 0.8265625 0.3875 0.7671875 0.3875 0.7671875 0.4375 0.8265625 0.4375 0.8265625 0.3875
1 0.965625 0.475 0.890625 0.475 0.890625 0.521875 0.965625 0.521875 0.965625 0.475
1 0.8609375 0.528125 0.7828125 0.528125 0.7828125 0.5796875 0.8609375 0.5796875 0.8609375 0.528125
1 0.8421875 0.5765625 0.775 0.5765625 0.775 0.628125 0.8421875 0.628125 0.8421875 0.5765625
1 0.8703125 0.7359375 0.8140625 0.7359375 0.8140625 0.7953125 0.8703125 0.7953125 0.8703125 0.7359375
1 0.75 0.4671875 0.6890625 0.4671875 0.6890625 0.5140625 0.75 0.5140625 0.75 0.4671875
1 0.7046875 0.5125 0.6453125 0.5125 0.6453125 0.5640625 0.7046875 0.5640625 0.7046875 0.5125
1 0.715625 0.746875 0.659375 0.746875 0.659375 0.8015625 0.715625 0.8015625 0.715625 0.746875
1 0.715625 0.8140625 0.6546875 0.8140625 0.6546875 0.8578125 0.715625 0.8578125 0.715625 0.8140625
1 0.6640625 0.8515625 0.6078125 0.8515625 0.6078125 0.9109375 0.6640625 0.9109375 0.6640625 0.8515625