1 0.425 0.3109375 0.3453125 0.3109375 0.3453125 0.3796875 0.425 0.3796875 0.425 0.3109375
1 0.571875 0.2546875 0.4984375 0.2546875 0.4984375 0.315625 0.571875 0.315625 0.571875 0.2546875
1 0.4921875 0.05 0.4265625 0.05 0.4265625 0.11875 0.4921875 0.11875 0.4921875 0.05
1 0.4 0.0515625 0.3328125 0.0515625 0.3328125 0.109375 0.4 0.109375 0.4 0.0515625
1 0.428125 0.4171875 0.365625 0.4171875 0.365625 0.478125 0.428125 0.478125 0.428125 0.4171875
1 0.159375 0.5 0.1015625 0.5 0.1015625 0.5734375 0.159375 0.5734375 0.159375 0.5
1 0.1 0.521875 0.0421875 0.521875 0.0421875 0.5828125 0.1 0.5828125 0.1 0.521875
1 0.0921875 0.3921875 0.0375 0.3921875 0.0375 0.446875 0.0921875 0.446875 0.0921875 0.3921875
1 0.55 0.825 0.4921875 0.825 0.4921875 0.8921875 0.55 0.8921875 0.55 0.825
1 0.8578125 0.4546875 0.8046875 0.4546875 0.8046875 0.521875 0.8578125 0.521875 0.8578125 0.4546875
1 0.5875 0.4578125 0.5328125 0.4578125 0.5328125 0.5421875 0.5875 0.5421875 0.5875 0.4578125
1 0.6171875 0.2890625 0.5546875 0.2890625 0.5546875 0.3640625 0.6171875 0.3640625 0.6171875 0.2890625
1 0.5046875 0.171875 0.45625 0.171875 0.45625 0.225 0.5046875 0.225 0.5046875 0.171875
1 0.4625 0.675 0.425 0.675 0.425 0.7296875 0.4625 0.7296875 0.4625 0.675
1 0.7953125 0.503125 0.728125 0.503125 0.728125 0.5546875 0.7953125 0.5546875 0.7953125 0.503125
1 0.6890625 0.325 0.6390625 0.325 0.6390625 0.4015625 0.6890625 0.4015625 0.6890625 0.325
1 0.7390625 0.2734375 0.6859375 0.2734375 0.6859375 0.334375 0.7390625 0.334375 0.7390625 0.2734375
1 0.9125 0.2921875 0.85 0.2921875 0.85 0.3875 0.9125 0.3875 0.9125 0.2921875
1 0.2921875 0.3875 0.2546875 0.3875 0.2546875 0.4296875 0.2921875 0.4296875 0.2921875 0.3875
1 0.2203125 0.3078125 0.175 0.3078125 0.175 0.3515625 0.2203125 0.3515625 0.2203125 0.3078125
1 0.64375 0.0625 0.5890625 0.0625 0.5890625 0.125 0.64375 0.125 0.64375 0.0625
1 0.7765625 0.3953125 0.7265625 0.3953125 0.7265625 0.45625 0.7765625 0.45625 0.7765625 0.3953125
1 0.6578125 0.2046875 0.603125 0.2046875 0.603125 0.2484375 0.6578125 0.2484375 0.6578125 0.2046875
1 0.784375 0.2390625 0.74375 0.2390625 0.74375 0.2859375 0.784375 0.2859375 0.784375 0.2390625