1 0.54375 0.09375 0.50625 0.09375 0.50625 0.175 0.54375 0.175 0.54375 0.09375
1 0.8390625 0.1453125 0.8078125 0.1453125 0.8078125 0.2265625 0.8390625 0.2265625 0.8390625 0.1453125
1 0.6078125 0.178125 0.5484375 0.178125 0.5484375 0.240625 0.6078125 0.240625 0.6078125 0.178125
1 0.4109375 0.24375 0.375 0.24375 0.375 0.3265625 0.4109375 0.3265625 0.4109375 0.24375
1 0.4734375 0.3390625 0.4234375 0.3390625 0.4234375 0.4109375 0.4734375 0.4109375 0.4734375 0.3390625
1 0.2984375 0.44375 0.26875 0.44375 0.26875 0.5125 0.2984375 0.5125 0.2984375 0.44375
1 0.1515625 0.646875 0.115625 0.646875 0.115625 0.7515625 0.1515625 0.7515625 0.1515625 0.646875
1 0.246875 0.6921875 0.2140625 0.6921875 0.2140625 0.7578125 0.246875 0.7578125 0.246875 0.6921875
1 0.321875 0.6078125 0.284375 0.6078125 0.284375 0.6984375 0.321875 0.6984375 0.321875 0.6078125
1 0.465625 0.5765625 0.4234375 0.5765625 0.4234375 0.640625 0.465625 0.640625 0.465625 0.5765625
1 0.5625 0.6078125 0.528125 0.6078125 0.528125 0.6796875 0.5625 0.6796875 0.5625 0.6078125
1 0.578125 0.6890625 0.5328125 0.6890625 0.5328125 0.7828125 0.578125 0.7828125 0.578125 0.6890625
1 0.4859375 0.6578125 0.4578125 0.6578125 0.4578125 0.734375 0.4859375 0.734375 0.4859375 0.6578125
1 0.384375 0.7234375 0.3421875 0.7234375 0.3421875 0.79375 0.384375 0.79375 0.384375 0.7234375