1 0.840625 0.1234375 0.7421875 0.1234375 0.7421875 0.33125 0.840625 0.33125 0.840625 0.1234375
1 0.7515625 0.4484375 0.6234375 0.4484375 0.6234375 0.5734375 0.7515625 0.5734375 0.7515625 0.4484375
1 0.675 0.28125 0.540625 0.28125 0.540625 0.390625 0.675 0.390625 0.675 0.28125
1 0.5703125 0.1671875 0.4640625 0.1671875 0.4640625 0.3703125 0.5703125 0.3703125 0.5703125 0.1671875
1 0.4765625 0.2109375 0.375 0.2109375 0.375 0.4078125 0.4765625 0.4078125 0.4765625 0.2109375
1 0.43125 0.33125 0.3 0.33125 0.3 0.5125 0.43125 0.5125 0.43125 0.33125
1 0.3109375 0.503125 0.1765625 0.503125 0.1765625 0.6234375 0.3109375 0.6234375 0.3109375 0.503125
1 0.2609375 0.66875 0.1265625 0.66875 0.1265625 0.80625 0.2609375 0.80625 0.2609375 0.66875
1 0.503125 0.6375 0.3828125 0.6375 0.3828125 0.7578125 0.503125 0.7578125 0.503125 0.6375
1 0.5953125 0.471875 0.471875 0.471875 0.471875 0.63125 0.5953125 0.63125 0.5953125 0.471875
1 0.7921875 0.7234375 0.71875 0.7234375 0.71875 0.8171875 0.7921875 0.8171875 0.7921875 0.7234375
1 0.75625 0.828125 0.66875 0.828125 0.66875 0.9046875 0.75625 0.9046875 0.75625 0.828125
1 0.6390625 0.8546875 0.515625 0.8546875 0.515625 0.9375 0.6390625 0.9375 0.6390625 0.8546875
1 0.50625 0.85 0.4078125 0.85 0.4078125 0.9703125 0.50625 0.9703125 0.50625 0.85
1 0.375 0.85 0.2765625 0.85 0.2765625 0.959375 0.375 0.959375 0.375 0.85