1 0.2125 0.2046875 0.10625 0.2046875 0.10625 0.2859375 0.2125 0.2859375 0.2125 0.2046875
1 0.1796875 0.2546875 0.115625 0.2546875 0.115625 0.3296875 0.1796875 0.3296875 0.1796875 0.2546875
1 0.2453125 0.3546875 0.19375 0.3546875 0.19375 0.4671875 0.2453125 0.4671875 0.2453125 0.3546875
1 0.203125 0.434375 0.1296875 0.434375 0.1296875 0.509375 0.203125 0.509375 0.203125 0.434375
1 0.11875 0.628125 0.0515625 0.628125 0.0515625 0.665625 0.11875 0.665625 0.11875 0.628125
1 0.065625 0.60625 0.0015625 0.60625 0.0015625 0.73125 0.065625 0.73125 0.065625 0.60625
1 0.0625 0.7359375 0.0078125 0.7359375 0.0078125 0.8109375 0.0625 0.8109375 0.0625 0.7359375
1 0.05 0.8796875 0.0046875 0.8796875 0.0046875 0.9421875 0.05 0.9421875 0.05 0.8796875
1 0.178125 0.7546875 0.1203125 0.7546875 0.1203125 0.8171875 0.178125 0.8171875 0.178125 0.7546875
1 0.2078125 0.8109375 0.140625 0.8109375 0.140625 0.8859375 0.2078125 0.8859375 0.2078125 0.8109375
1 0.3359375 0.60625 0.2296875 0.60625 0.2296875 0.7359375 0.3359375 0.7359375 0.3359375 0.60625
1 0.4421875 0.665625 0.375 0.665625 0.375 0.7953125 0.4421875 0.7953125 0.4421875 0.665625
1 0.465625 0.5375 0.4046875 0.5375 0.4046875 0.63125 0.465625 0.63125 0.465625 0.5375
1 0.528125 0.3453125 0.415625 0.3453125 0.415625 0.5078125 0.528125 0.5078125 0.528125 0.3453125
1 0.3609375 0.7953125 0.30625 0.7953125 0.30625 0.8515625 0.3609375 0.8515625 0.3609375 0.7953125
1 0.36875 0.8609375 0.3078125 0.8609375 0.3078125 0.9484375 0.36875 0.9484375 0.36875 0.8609375
1 0.5390625 0.8109375 0.46875 0.8109375 0.46875 0.8859375 0.5390625 0.8859375 0.5390625 0.8109375
1 0.41875 1 0.41875 0.94375 0.3796875 0.94375 0.3796875 1 0.41875 1
1 0.5390625 0.91875 0.49375 0.91875 0.49375 0.9875 0.5390625 0.9875 0.5390625 0.91875
1 0.584375 0.9046875 0.5484375 0.9046875 0.5484375 0.9546875 0.584375 0.9546875 0.584375 0.9046875
1 0.625 0.55625 0.540625 0.55625 0.540625 0.65 0.625 0.65 0.625 0.55625
1 0.6296875 0.459375 0.553125 0.459375 0.553125 0.565625 0.6296875 0.565625 0.6296875 0.459375
1 0.55 0.2671875 0.5015625 0.2671875 0.5015625 0.3671875 0.55 0.3671875 0.55 0.2671875
1 0.5484375 0.1453125 0.484375 0.1453125 0.484375 0.2640625 0.5484375 0.2640625 0.5484375 0.1453125
1 0.6234375 0.2765625 0.546875 0.2765625 0.546875 0.3890625 0.6234375 0.3890625 0.6234375 0.2765625
1 0.603125 0.2359375 0.559375 0.2359375 0.559375 0.2921875 0.603125 0.2921875 0.603125 0.2359375
1 0.6875 0.465625 0.6328125 0.465625 0.6328125 0.559375 0.6875 0.559375 0.6875 0.465625
1 1 0.4109375 0.9609375 0.4109375 0.9609375 0.540625 1 0.540625 1 0.4109375
1 0.959375 0.434375 0.9046875 0.434375 0.9046875 0.534375 0.959375 0.534375 0.959375 0.434375
1 0.809375 0.559375 0.7609375 0.559375 0.7609375 0.634375 0.809375 0.634375 0.809375 0.559375
1 0.7609375 0.525 0.7 0.525 0.7 0.6125 0.7609375 0.6125 0.7609375 0.525
1 0.75625 0.596875 0.7125 0.596875 0.7125 0.678125 0.75625 0.678125 0.75625 0.596875
1 0.6953125 0.615625 0.6515625 0.615625 0.6515625 0.6828125 0.6953125 0.6828125 0.6953125 0.615625
1 0.7625 0.6609375 0.6640625 0.6609375 0.6640625 0.7359375 0.7625 0.7359375 0.7625 0.6609375
1 0.9296875 0.6828125 0.890625 0.6828125 0.890625 0.8015625 0.9296875 0.8015625 0.9296875 0.6828125
1 0.7171875 0.8640625 0.646875 0.8640625 0.646875 0.9328125 0.7171875 0.9328125 0.7171875 0.8640625
1 0.7890625 0.8578125 0.734375 0.8578125 0.734375 0.9078125 0.7890625 0.9078125 0.7890625 0.8578125
1 0.834375 0.8453125 0.7984375 0.8453125 0.7984375 0.8890625 0.834375 0.8890625 0.834375 0.8453125
1 0.8359375 0.940625 0.7875 0.940625 0.7875 0.984375 0.8359375 0.984375 0.8359375 0.940625