1 0.8890625 0.3265625 0.7546875 0.3265625 0.7546875 0.4515625 0.8890625 0.4515625 0.8890625 0.3265625
1 0.996875 0.2 0.8296875 0.2 0.8296875 0.3703125 0.996875 0.3703125 0.996875 0.2
1 0.9609375 0.0109375 0.75625 0.0109375 0.75625 0.1046875 0.9609375 0.1046875 0.9609375 0.0109375
1 0.7 0.0359375 0.5 0.0359375 0.5 0.1453125 0.7 0.1453125 0.7 0.0359375
1 0.55 0.090625 0.3859375 0.090625 0.3859375 0.2390625 0.55 0.2390625 0.55 0.090625
1 0.696875 0.259375 0.559375 0.259375 0.559375 0.4125 0.696875 0.4125 0.696875 0.259375
1 0.6578125 0.4125 0.5625 0.4125 0.5625 0.4890625 0.6578125 0.4890625 0.6578125 0.4125
1 0.59375 0.3640625 0.48125 0.3640625 0.48125 0.4671875 0.59375 0.4671875 0.59375 0.3640625
1 0.484375 0.3890625 0.3609375 0.3890625 0.3609375 0.4984375 0.484375 0.4984375 0.484375 0.3890625
1 0.484375 0.525 0.3671875 0.525 0.3671875 0.6234375 0.484375 0.6234375 0.484375 0.525
1 0.4 0.5984375 0.3203125 0.5984375 0.3203125 0.66875 0.4 0.66875 0.4 0.5984375
1 0.2921875 0.4515625 0.1859375 0.4515625 0.1859375 0.5234375 0.2921875 0.5234375 0.2921875 0.4515625
1 0.2734375 0.54375 0.1859375 0.54375 0.1859375 0.603125 0.2734375 0.603125 0.2734375 0.54375
1 0.1234375 0.4703125 0.025 0.4703125 0.025 0.596875 0.1234375 0.596875 0.1234375 0.4703125
1 0.2578125 0.609375 0.15625 0.609375 0.15625 0.6921875 0.2578125 0.6921875 0.2578125 0.609375
1 0.3546875 0.7453125 0.2421875 0.7453125 0.2421875 0.85 0.3546875 0.85 0.3546875 0.7453125
1 0.20625 0.6859375 0.0671875 0.6859375 0.0671875 0.8453125 0.20625 0.8453125 0.20625 0.6859375
1 0.8125 0.5078125 0.684375 0.5078125 0.684375 0.6171875 0.8125 0.6171875 0.8125 0.5078125
1 0.996875 0.5546875 0.8875 0.5546875 0.8875 0.6375 0.996875 0.6375 0.996875 0.5546875
1 0.9890625 0.625 0.865625 0.625 0.865625 0.784375 0.9890625 0.784375 0.9890625 0.625
1 0.8078125 0.65625 0.7015625 0.65625 0.7015625 0.74375 0.8078125 0.74375 0.8078125 0.65625
1 0.80625 0.746875 0.7 0.746875 0.7 0.8234375 0.80625 0.8234375 0.80625 0.746875
1 0.41875 0.678125 0.33125 0.678125 0.33125 0.7375 0.41875 0.7375 0.41875 0.678125