1 0.86875 0.2765625 0.8203125 0.2765625 0.8203125 0.3640625 0.86875 0.3640625 0.86875 0.2765625
1 0.778125 0.221875 0.734375 0.221875 0.734375 0.33125 0.778125 0.33125 0.778125 0.221875
1 0.8109375 0.44375 0.7484375 0.44375 0.7484375 0.5421875 0.8109375 0.5421875 0.8109375 0.44375
1 0.7546875 0.521875 0.703125 0.521875 0.703125 0.615625 0.7546875 0.615625 0.7546875 0.521875
1 0.703125 0.5140625 0.6453125 0.5140625 0.6453125 0.5859375 0.703125 0.5859375 0.703125 0.5140625
1 0.6765625 0.5765625 0.621875 0.5765625 0.621875 0.63125 0.6765625 0.63125 0.6765625 0.5765625
1 0.65 0.634375 0.603125 0.634375 0.603125 0.6734375 0.65 0.6734375 0.65 0.634375
1 0.621875 0.6375 0.559375 0.6375 0.559375 0.725 0.621875 0.725 0.621875 0.6375
1 0.6375 0.4890625 0.575 0.4890625 0.575 0.565625 0.6375 0.565625 0.6375 0.4890625
1 0.415625 0.4921875 0.3640625 0.4921875 0.3640625 0.5640625 0.415625 0.5640625 0.415625 0.4921875
1 0.365625 0.475 0.3140625 0.475 0.3140625 0.56875 0.365625 0.56875 0.365625 0.475
1 0.3921875 0.2390625 0.3453125 0.2390625 0.3453125 0.325 0.3921875 0.325 0.3921875 0.2390625