1 0.825 0.30625 0.784375 0.30625 0.784375 0.3953125 0.825 0.3953125 0.825 0.30625
1 0.75625 0.275 0.715625 0.275 0.715625 0.3203125 0.75625 0.3203125 0.75625 0.275
1 0.646875 0.225 0.596875 0.225 0.596875 0.278125 0.646875 0.278125 0.646875 0.225
1 0.671875 0.3109375 0.6140625 0.3109375 0.6140625 0.3640625 0.671875 0.3640625 0.671875 0.3109375
1 0.5671875 0.2828125 0.5140625 0.2828125 0.5140625 0.3359375 0.5671875 0.3359375 0.5671875 0.2828125
1 0.5 0.084375 0.459375 0.084375 0.459375 0.1375 0.5 0.1375 0.5 0.084375
1 0.471875 0.0984375 0.4140625 0.0984375 0.4140625 0.175 0.471875 0.175 0.471875 0.0984375
1 0.2515625 0.1 0.2015625 0.1 0.2015625 0.15 0.2515625 0.15 0.2515625 0.1
1 0.240625 0.0359375 0.1875 0.0359375 0.1875 0.115625 0.240625 0.115625 0.240625 0.0359375
1 0.18125 0.0265625 0.140625 0.0265625 0.140625 0.09375 0.18125 0.09375 0.18125 0.0265625
1 0.475 0.2953125 0.453125 0.2953125 0.453125 0.353125 0.475 0.353125 0.475 0.2953125
1 0.4453125 0.2875 0.3953125 0.2875 0.3953125 0.340625 0.4453125 0.340625 0.4453125 0.2875
1 0.7578125 0.4046875 0.73125 0.4046875 0.73125 0.45 0.7578125 0.45 0.7578125 0.4046875