1 0.9421875 0.1296875 0.81875 0.1296875 0.81875 0.215625 0.9421875 0.215625 0.9421875 0.1296875
1 0.7640625 0.2046875 0.6875 0.2046875 0.6875 0.259375 0.7640625 0.259375 0.7640625 0.2046875
1 0.825 0.24375 0.7625 0.24375 0.7625 0.2828125 0.825 0.2828125 0.825 0.24375
1 0.8890625 0.378125 0.83125 0.378125 0.83125 0.44375 0.8890625 0.44375 0.8890625 0.378125
1 0.7375 0.265625 0.6609375 0.265625 0.6609375 0.33125 0.7375 0.33125 0.7375 0.265625
1 0.6640625 0.303125 0.58125 0.303125 0.58125 0.3640625 0.6640625 0.3640625 0.6640625 0.303125
1 0.5875 0.36875 0.540625 0.36875 0.540625 0.4125 0.5875 0.4125 0.5875 0.36875
1 0.634375 0.41875 0.5359375 0.41875 0.5359375 0.4953125 0.634375 0.4953125 0.634375 0.41875
1 0.5390625 0.4203125 0.465625 0.4203125 0.465625 0.4921875 0.5390625 0.4921875 0.5390625 0.4203125
1 0.5171875 0.496875 0.44375 0.496875 0.44375 0.5734375 0.5171875 0.5734375 0.5171875 0.496875
1 0.4515625 0.5359375 0.375 0.5359375 0.375 0.5859375 0.4515625 0.5859375 0.4515625 0.5359375
1 0.459375 0.565625 0.3859375 0.565625 0.3859375 0.6421875 0.459375 0.6421875 0.459375 0.565625
1 0.3875 0.5734375 0.3140625 0.5734375 0.3140625 0.6234375 0.3875 0.6234375 0.3875 0.5734375
1 0.3640625 0.634375 0.30625 0.634375 0.30625 0.6953125 0.3640625 0.6953125 0.3640625 0.634375
1 0.315625 0.6234375 0.2640625 0.6234375 0.2640625 0.6625 0.315625 0.6625 0.315625 0.6234375
1 0.25 0.634375 0.209375 0.634375 0.209375 0.6625 0.25 0.6625 0.25 0.634375
1 0.2921875 0.66875 0.2234375 0.66875 0.2234375 0.7078125 0.2921875 0.7078125 0.2921875 0.66875
1 0.2515625 0.6890625 0.178125 0.6890625 0.178125 0.7328125 0.2515625 0.7328125 0.2515625 0.6890625
1 0.19375 0.715625 0.1203125 0.715625 0.1203125 0.765625 0.19375 0.765625 0.19375 0.715625
1 0.1 0.7265625 0.0421875 0.7265625 0.0421875 0.7765625 0.1 0.7765625 0.1 0.7265625
1 0.0703125 0.78125 0.015625 0.78125 0.015625 0.825 0.0703125 0.825 0.0703125 0.78125
1 0.084375 0.846875 0.021875 0.846875 0.021875 0.8859375 0.084375 0.8859375 0.084375 0.846875
1 0.1234375 0.78125 0.06875 0.78125 0.06875 0.8203125 0.1234375 0.8203125 0.1234375 0.78125
1 0.1703125 0.8125 0.1265625 0.8125 0.1265625 0.834375 0.1703125 0.834375 0.1703125 0.8125
1 0.20625 0.765625 0.16875 0.765625 0.16875 0.809375 0.20625 0.809375 0.20625 0.765625
1 0.284375 0.7296875 0.221875 0.7296875 0.221875 0.7796875 0.284375 0.7796875 0.284375 0.7296875
1 0.34375 0.7234375 0.3 0.7234375 0.3 0.7625 0.34375 0.7625 0.34375 0.7234375
1 0.403125 0.6671875 0.35625 0.6671875 0.35625 0.7265625 0.403125 0.7265625 0.403125 0.6671875
1 0.46875 0.6390625 0.40625 0.6390625 0.40625 0.69375 0.46875 0.69375 0.46875 0.6390625
1 0.7140625 0.603125 0.640625 0.603125 0.640625 0.675 0.7140625 0.675 0.7140625 0.603125
1 0.709375 0.4421875 0.665625 0.4421875 0.665625 0.48125 0.709375 0.48125 0.709375 0.4421875
1 0.6703125 0.4328125 0.6265625 0.4328125 0.6265625 0.5203125 0.6703125 0.5203125 0.6703125 0.4328125
1 0.6953125 0.3640625 0.640625 0.3640625 0.640625 0.434375 0.6953125 0.434375 0.6953125 0.3640625
1 0.8046875 0.3421875 0.684375 0.3421875 0.684375 0.3921875 0.8046875 0.3921875 0.8046875 0.3421875
1 0.79375 0.396875 0.703125 0.396875 0.703125 0.4515625 0.79375 0.4515625 0.79375 0.396875
1 0.821875 0.4421875 0.7640625 0.4421875 0.7640625 0.503125 0.821875 0.503125 0.821875 0.4421875
1 0.796875 0.5078125 0.73125 0.5078125 0.73125 0.540625 0.796875 0.540625 0.796875 0.5078125
1 0.86875 0.540625 0.8109375 0.540625 0.8109375 0.5953125 0.86875 0.5953125 0.86875 0.540625
1 0.821875 0.546875 0.7484375 0.546875 0.7484375 0.6015625 0.821875 0.6015625 0.821875 0.546875
1 0.8203125 0.5984375 0.746875 0.5984375 0.746875 0.6484375 0.8203125 0.6484375 0.8203125 0.5984375
1 0.846875 0.6640625 0.784375 0.6640625 0.784375 0.703125 0.846875 0.703125 0.846875 0.6640625
1 0.8984375 0.76875 0.821875 0.76875 0.821875 0.8125 0.8984375 0.8125 0.8984375 0.76875
1 0.7578125 0.6671875 0.70625 0.6671875 0.70625 0.7171875 0.7578125 0.7171875 0.7578125 0.6671875
1 0.7578125 0.7015625 0.6953125 0.7015625 0.6953125 0.740625 0.7578125 0.740625 0.7578125 0.7015625
1 0.803125 0.7328125 0.7515625 0.7328125 0.7515625 0.7921875 0.803125 0.7921875 0.803125 0.7328125
1 0.8109375 0.78125 0.759375 0.78125 0.759375 0.8359375 0.8109375 0.8359375 0.8109375 0.78125
1 0.75 0.784375 0.6765625 0.784375 0.6765625 0.834375 0.75 0.834375 0.75 0.784375
1 0.759375 0.828125 0.696875 0.828125 0.696875 0.871875 0.759375 0.871875 0.759375 0.828125
1 0.7984375 0.8828125 0.740625 0.8828125 0.740625 0.9375 0.7984375 0.9375 0.7984375 0.8828125
1 0.81875 0.91875 0.7421875 0.91875 0.7421875 0.96875 0.81875 0.96875 0.81875 0.91875