1 0.1015625 0.371875 0.075 0.371875 0.075 0.4328125 0.1015625 0.4328125 0.1015625 0.371875
1 0.140625 0.3609375 0.1109375 0.3609375 0.1109375 0.4375 0.140625 0.4375 0.140625 0.3609375
1 0.1953125 0.3859375 0.1625 0.3859375 0.1625 0.4515625 0.1953125 0.4515625 0.1953125 0.3859375
1 0.253125 0.3859375 0.2265625 0.3859375 0.2265625 0.4578125 0.253125 0.4578125 0.253125 0.3859375
1 0.3171875 0.4 0.2875 0.4 0.2875 0.4703125 0.3171875 0.4703125 0.3171875 0.4
1 0.3890625 0.3890625 0.359375 0.3890625 0.359375 0.465625 0.3890625 0.465625 0.3890625 0.3890625
1 0.4484375 0.4015625 0.421875 0.4015625 0.421875 0.478125 0.4484375 0.478125 0.4484375 0.4015625
1 0.5171875 0.409375 0.4875 0.409375 0.4875 0.48125 0.5171875 0.48125 0.5171875 0.409375
1 0.5578125 0.4078125 0.5296875 0.4078125 0.5296875 0.4796875 0.5578125 0.4796875 0.5578125 0.4078125
1 0.5984375 0.4234375 0.5703125 0.4234375 0.5703125 0.5171875 0.5984375 0.5171875 0.5984375 0.4234375
1 0.64375 0.4296875 0.6140625 0.4296875 0.6140625 0.5234375 0.64375 0.5234375 0.64375 0.4296875
1 0.6953125 0.415625 0.665625 0.415625 0.665625 0.4984375 0.6953125 0.4984375 0.6953125 0.415625
1 0.7375 0.434375 0.7109375 0.434375 0.7109375 0.528125 0.7375 0.528125 0.7375 0.434375
1 0.790625 0.440625 0.7546875 0.440625 0.7546875 0.5171875 0.790625 0.5171875 0.790625 0.440625
1 0.8484375 0.459375 0.8109375 0.459375 0.8109375 0.5359375 0.8484375 0.5359375 0.8484375 0.459375
1 0.7953125 0.5140625 0.746875 0.5140625 0.746875 0.5859375 0.7953125 0.5859375 0.7953125 0.5140625
1 0.73125 0.5765625 0.6984375 0.5765625 0.6984375 0.6203125 0.73125 0.6203125 0.73125 0.5765625
1 0.684375 0.60625 0.6515625 0.60625 0.6515625 0.65625 0.684375 0.65625 0.684375 0.60625