1 0.7625 0.69375 0.6671875 0.69375 0.6671875 0.83125 0.7625 0.83125 0.7625 0.69375
1 0.621875 0.6109375 0.53125 0.6109375 0.53125 0.78125 0.621875 0.78125 0.621875 0.6109375
1 0.475 0.784375 0.3640625 0.784375 0.3640625 0.903125 0.475 0.903125 0.475 0.784375
1 0.3890625 0.603125 0.25625 0.603125 0.25625 0.728125 0.3890625 0.728125 0.3890625 0.603125
1 0.3203125 0.81875 0.24375 0.81875 0.24375 0.9046875 0.3203125 0.9046875 0.3203125 0.81875
1 0.359375 0.7421875 0.24375 0.7421875 0.24375 0.8390625 0.359375 0.8390625 0.359375 0.7421875
1 0.18125 0.6171875 0.0796875 0.6171875 0.0796875 0.746875 0.18125 0.746875 0.18125 0.6171875
1 0.19375 0.853125 0.0984375 0.853125 0.0984375 0.95 0.19375 0.95 0.19375 0.853125
1 0.2078125 0.7609375 0.0578125 0.7609375 0.0578125 0.8578125 0.2078125 0.8578125 0.2078125 0.7609375
1 0.6 0.103125 0.4796875 0.103125 0.4796875 0.3203125 0.6 0.3203125 0.6 0.103125
1 0.6953125 0.1484375 0.6046875 0.1484375 0.6046875 0.278125 0.6953125 0.278125 0.6953125 0.1484375
1 0.8109375 0.153125 0.6734375 0.153125 0.6734375 0.278125 0.8109375 0.278125 0.8109375 0.153125
1 0.8125 0.28125 0.7078125 0.28125 0.7078125 0.378125 0.8125 0.378125 0.8125 0.28125
1 0.7421875 0.5734375 0.6546875 0.5734375 0.6546875 0.653125 0.7421875 0.653125 0.7421875 0.5734375
1 0.9171875 0.528125 0.821875 0.528125 0.821875 0.6140625 0.9171875 0.6140625 0.9171875 0.528125
1 0.9828125 0.715625 0.878125 0.715625 0.878125 0.790625 0.9828125 0.790625 0.9828125 0.715625
1 0.978125 0.59375 0.8796875 0.59375 0.8796875 0.7015625 0.978125 0.7015625 0.978125 0.59375
1 0.9453125 0.290625 0.821875 0.290625 0.821875 0.4328125 0.9453125 0.4328125 0.9453125 0.290625
1 0.9765625 0.23125 0.8671875 0.23125 0.8671875 0.35625 0.9765625 0.35625 0.9765625 0.23125