1 0.2046875 0.4734375 0.125 0.4734375 0.125 0.55 0.2046875 0.55 0.2046875 0.4734375
1 0.3640625 0.503125 0.2953125 0.503125 0.2953125 0.596875 0.3640625 0.596875 0.3640625 0.503125
1 0.4796875 0.609375 0.4109375 0.609375 0.4109375 0.66875 0.4796875 0.66875 0.4796875 0.609375
1 0.571875 0.6203125 0.5078125 0.6203125 0.5078125 0.71875 0.571875 0.71875 0.571875 0.6203125
1 0.6765625 0.584375 0.625 0.584375 0.625 0.65 0.6765625 0.65 0.6765625 0.584375
1 0.653125 0.4921875 0.590625 0.4921875 0.590625 0.5640625 0.653125 0.5640625 0.653125 0.4921875
1 0.6671875 0.2625 0.615625 0.2625 0.615625 0.365625 0.6671875 0.365625 0.6671875 0.2625
1 0.621875 0.2515625 0.575 0.2515625 0.575 0.3609375 0.621875 0.3609375 0.621875 0.2515625
1 0.834375 0.221875 0.76875 0.221875 0.76875 0.2921875 0.834375 0.2921875 0.834375 0.221875
1 0.953125 0.30625 0.865625 0.30625 0.865625 0.39375 0.953125 0.39375 0.953125 0.30625
1 0.975 0.3609375 0.928125 0.3609375 0.928125 0.44375 0.975 0.44375 0.975 0.3609375
1 0.95 0.4234375 0.884375 0.4234375 0.884375 0.4890625 0.95 0.4890625 0.95 0.4234375
1 0.8921875 0.5109375 0.8515625 0.5109375 0.8515625 0.5984375 0.8921875 0.5984375 0.8921875 0.5109375
1 0.853125 0.4546875 0.809375 0.4546875 0.809375 0.5421875 0.853125 0.5421875 0.853125 0.4546875
1 0.746875 0.5046875 0.6890625 0.5046875 0.6890625 0.5875 0.746875 0.5875 0.746875 0.5046875
1 0.74375 0.3390625 0.696875 0.3390625 0.696875 0.4 0.74375 0.4 0.74375 0.3390625
1 0.8 0.365625 0.734375 0.365625 0.734375 0.415625 0.8 0.415625 0.8 0.365625
1 0.8296875 0.3390625 0.7859375 0.3390625 0.7859375 0.4109375 0.8296875 0.4109375 0.8296875 0.3390625
1 0.7921875 0.2890625 0.7484375 0.2890625 0.7484375 0.371875 0.7921875 0.371875 0.7921875 0.2890625
1 0.7890625 0.4 0.753125 0.4 0.753125 0.4484375 0.7890625 0.4484375 0.7890625 0.4
1 0.2828125 0.4015625 0.2171875 0.4015625 0.2171875 0.4625 0.2828125 0.4625 0.2828125 0.4015625
1 0.178125 0.325 0.115625 0.325 0.115625 0.41875 0.178125 0.41875 0.178125 0.325
1 0.1109375 0.3125 0.0375 0.3125 0.0375 0.4 0.1109375 0.4 0.1109375 0.3125
1 0.1296875 0.2296875 0.075 0.2296875 0.075 0.3234375 0.1296875 0.3234375 0.1296875 0.2296875
1 0.115625 0.1890625 0.06875 0.1890625 0.06875 0.2609375 0.115625 0.2609375 0.115625 0.1890625
1 0.1859375 0.203125 0.1234375 0.203125 0.1234375 0.2578125 0.1859375 0.2578125 0.1859375 0.203125
1 0.221875 0.265625 0.159375 0.265625 0.159375 0.3203125 0.221875 0.3203125 0.221875 0.265625
1 0.2515625 0.1921875 0.1875 0.1921875 0.1875 0.240625 0.2515625 0.240625 0.2515625 0.1921875
1 0.3234375 0.1671875 0.25 0.1671875 0.25 0.228125 0.3234375 0.228125 0.3234375 0.1671875
1 0.321875 0.21875 0.28125 0.21875 0.28125 0.2734375 0.321875 0.2734375 0.321875 0.21875
1 0.35 0.28125 0.2984375 0.28125 0.2984375 0.3140625 0.35 0.3140625 0.35 0.28125
1 0.453125 0.2671875 0.3984375 0.2671875 0.3984375 0.328125 0.453125 0.328125 0.453125 0.2671875
1 0.403125 0.375 0.359375 0.375 0.359375 0.4359375 0.403125 0.4359375 0.403125 0.375
1 0.3796875 0.3453125 0.321875 0.3453125 0.321875 0.39375 0.3796875 0.39375 0.3796875 0.3453125
1 0.4078125 0.2328125 0.3234375 0.2328125 0.3234375 0.3046875 0.4078125 0.3046875 0.4078125 0.2328125
1 0.5078125 0.371875 0.4640625 0.371875 0.4640625 0.4328125 0.5078125 0.4328125 0.5078125 0.371875
1 0.5796875 0.328125 0.5140625 0.328125 0.5140625 0.4046875 0.5796875 0.4046875 0.5796875 0.328125
1 0.56875 0.409375 0.5140625 0.409375 0.5140625 0.48125 0.56875 0.48125 0.56875 0.409375
1 0.496875 0.4671875 0.4390625 0.4671875 0.4390625 0.5171875 0.496875 0.5171875 0.496875 0.4671875
1 0.4546875 0.3859375 0.4 0.3859375 0.4 0.440625 0.4546875 0.440625 0.4546875 0.3859375
1 0.4890625 0.4203125 0.453125 0.4203125 0.453125 0.459375 0.4890625 0.459375 0.4890625 0.4203125
1 0.7546875 0.434375 0.696875 0.434375 0.696875 0.4953125 0.7546875 0.4953125 0.7546875 0.434375
1 0.965625 0.5296875 0.9078125 0.5296875 0.9078125 0.60625 0.965625 0.60625 0.965625 0.5296875
1 0.8171875 0.4671875 0.7546875 0.4671875 0.7546875 0.528125 0.8171875 0.528125 0.8171875 0.4671875
1 0.640625 0.415625 0.5890625 0.415625 0.5890625 0.4703125 0.640625 0.4703125 0.640625 0.415625