1 0.728125 0.328125 0.6421875 0.328125 0.6421875 0.4171875 0.728125 0.4171875 0.728125 0.328125
1 0.8546875 0.58125 0.7609375 0.58125 0.7609375 0.6390625 0.8546875 0.6390625 0.8546875 0.58125
1 0.828125 0.8859375 0.74375 0.8859375 0.74375 0.95625 0.828125 0.95625 0.828125 0.8859375
1 0.6421875 0.8015625 0.5515625 0.8015625 0.5515625 0.8828125 0.6421875 0.8828125 0.6421875 0.8015625
1 0.21875 0.8921875 0.1390625 0.8921875 0.1390625 0.9546875 0.21875 0.9546875 0.21875 0.8921875
1 0.4640625 0.5859375 0.3859375 0.5859375 0.3859375 0.6625 0.4640625 0.6625 0.4640625 0.5859375
1 0.5625 0.475 0.4875 0.475 0.4875 0.5390625 0.5625 0.5390625 0.5625 0.475
1 0.3578125 0.415625 0.265625 0.415625 0.265625 0.4859375 0.3578125 0.4859375 0.3578125 0.415625
1 0.3484375 0.4875 0.234375 0.4875 0.234375 0.5421875 0.3484375 0.5421875 0.3484375 0.4875
1 0.3421875 0.53125 0.2765625 0.53125 0.2765625 0.5984375 0.3421875 0.5984375 0.3421875 0.53125
1 0.175 0.2828125 0.0984375 0.2828125 0.0984375 0.35625 0.175 0.35625 0.175 0.2828125
1 0.0328125 0 0.0328125 0.0890625 0.178125 0.0890625 0.178125 0 0.0328125 0