1 0.4140625 0.5859375 0.3578125 0.5859375 0.3578125 0.6671875 0.4140625 0.6671875 0.4140625 0.5859375
1 0.6078125 0.6890625 0.5421875 0.6890625 0.5421875 0.765625 0.6078125 0.765625 0.6078125 0.6890625
1 0.51875 0.8203125 0.4453125 0.8203125 0.4453125 0.8703125 0.51875 0.8703125 0.51875 0.8203125
1 0.5453125 0.85 0.4875 0.85 0.4875 0.915625 0.5453125 0.915625 0.5453125 0.85
1 0.6640625 0.8453125 0.6125 0.8453125 0.6125 0.921875 0.6640625 0.921875 0.6640625 0.8453125
1 0.7140625 0.80625 0.65625 0.80625 0.65625 0.8671875 0.7140625 0.8671875 0.7140625 0.80625
1 0.7125 0.7375 0.659375 0.7375 0.659375 0.809375 0.7125 0.809375 0.7125 0.7375
1 0.8890625 0.71875 0.8078125 0.71875 0.8078125 0.7875 0.8890625 0.7875 0.8890625 0.71875
1 0.9671875 0.4484375 0.890625 0.4484375 0.890625 0.509375 0.9671875 0.509375 0.9671875 0.4484375
1 0.84375 0.3140625 0.7734375 0.3140625 0.7734375 0.3890625 0.84375 0.3890625 0.84375 0.3140625
1 0.6140625 0.4453125 0.55625 0.4453125 0.55625 0.5390625 0.6140625 0.5390625 0.6140625 0.4453125
1 0.70625 0.503125 0.6515625 0.503125 0.6515625 0.596875 0.70625 0.596875 0.70625 0.503125
1 0.7546875 0.4515625 0.675 0.4515625 0.675 0.5234375 0.7546875 0.5234375 0.7546875 0.4515625
1 0.8203125 0.3765625 0.76875 0.3765625 0.76875 0.4484375 0.8203125 0.4484375 0.8203125 0.3765625
1 0.8515625 0.5296875 0.771875 0.5296875 0.771875 0.5734375 0.8515625 0.5734375 0.8515625 0.5296875
1 0.8546875 0.5765625 0.7640625 0.5765625 0.7640625 0.63125 0.8546875 0.63125 0.8546875 0.5765625
1 0.6515625 0.634375 0.59375 0.634375 0.59375 0.6953125 0.6515625 0.6953125 0.6515625 0.634375
1 0.659375 0.5828125 0.571875 0.5828125 0.571875 0.6359375 0.659375 0.6359375 0.659375 0.5828125
1 0.625 0.5421875 0.540625 0.5421875 0.540625 0.6015625 0.625 0.6015625 0.625 0.5421875