1 0.1171875 0.9390625 0.0078125 0.9390625 0.0078125 0.9828125 0.1171875 0.9828125 0.1171875 0.9390625
1 0.2046875 0.9046875 0.128125 0.9046875 0.128125 0.953125 0.2046875 0.953125 0.2046875 0.9046875
1 0.20625 0.8109375 0.0796875 0.8109375 0.0796875 0.859375 0.20625 0.859375 0.20625 0.8109375
1 0.29375 0.784375 0.1890625 0.784375 0.1890625 0.828125 0.29375 0.828125 0.29375 0.784375
1 0.24375 0.7109375 0.1390625 0.7109375 0.1390625 0.7734375 0.24375 0.7734375 0.24375 0.7109375
1 0.3234375 0.671875 0.2359375 0.671875 0.2359375 0.7265625 0.3234375 0.7265625 0.3234375 0.671875
1 0.140625 0.609375 0.0140625 0.609375 0.0140625 0.675 0.140625 0.675 0.140625 0.609375
1 0.2 0.5234375 0.0625 0.5234375 0.0625 0.58125 0.2 0.58125 0.2 0.5234375
1 0.309375 0.6078125 0.2 0.6078125 0.2 0.6515625 0.309375 0.6515625 0.309375 0.6078125
1 0.346875 0.5640625 0.2765625 0.5640625 0.2765625 0.6015625 0.346875 0.6015625 0.346875 0.5640625
1 0.2796875 0.4546875 0.09375 0.4546875 0.09375 0.509375 0.2796875 0.509375 0.2796875 0.4546875
1 0.4125 0.5171875 0.2921875 0.5171875 0.2921875 0.5609375 0.4125 0.5609375 0.4125 0.5171875
1 0.3859375 0.45 0.303125 0.45 0.303125 0.515625 0.3859375 0.515625 0.3859375 0.45
1 0.4984375 0.4546875 0.378125 0.4546875 0.378125 0.4984375 0.4984375 0.4984375 0.4984375 0.4546875
1 0.384375 0.3203125 0.2140625 0.3203125 0.2140625 0.371875 0.384375 0.371875 0.384375 0.3203125
1 0.5015625 0.4234375 0.3640625 0.4234375 0.3640625 0.4640625 0.5015625 0.4640625 0.5015625 0.4234375
1 0.503125 0.38125 0.3765625 0.38125 0.3765625 0.41875 0.503125 0.41875 0.503125 0.38125
1 0.5796875 0.3484375 0.465625 0.3484375 0.465625 0.3859375 0.5796875 0.3859375 0.5796875 0.3484375
1 0.5546875 0.5234375 0.4125 0.5234375 0.4125 0.58125 0.5546875 0.58125 0.5546875 0.5234375
1 0.6234375 0.6203125 0.475 0.6203125 0.475 0.675 0.6234375 0.675 0.6234375 0.6203125
1 0.7390625 0.715625 0.525 0.715625 0.525 0.78125 0.7390625 0.78125 0.7390625 0.715625
1 0.7953125 0.8078125 0.609375 0.8078125 0.609375 0.8703125 0.7953125 0.8703125 0.7953125 0.8078125
1 0.8390625 0.9125 0.6859375 0.9125 0.6859375 0.9671875 0.8390625 0.9671875 0.8390625 0.9125
1 0.75 0.1171875 0.6234375 0.1171875 0.6234375 0.1578125 0.75 0.1578125 0.75 0.1171875
1 0.7515625 0.1875 0.653125 0.1875 0.653125 0.23125 0.7515625 0.23125 0.7515625 0.1875
1 0.6890625 0.2328125 0.590625 0.2328125 0.590625 0.28125 0.6890625 0.28125 0.6890625 0.2328125
1 0.6453125 0.2515625 0.525 0.2515625 0.525 0.3234375 0.6453125 0.3234375 0.6453125 0.2515625
1 0.6234375 0.296875 0.509375 0.296875 0.509375 0.3484375 0.6234375 0.3484375 0.6234375 0.296875
1 0.6640625 0.3796875 0.5875 0.3796875 0.5875 0.4234375 0.6640625 0.4234375 0.6640625 0.3796875
1 0.7265625 0.3734375 0.628125 0.3734375 0.628125 0.4140625 0.7265625 0.4140625 0.7265625 0.3734375
1 0.7984375 0.3671875 0.7 0.3671875 0.7 0.4 0.7984375 0.4 0.7984375 0.3671875
1 0.803125 0.3296875 0.715625 0.3296875 0.715625 0.3625 0.803125 0.3625 0.803125 0.3296875
1 0.85 0.2984375 0.7671875 0.2984375 0.7671875 0.3359375 0.85 0.3359375 0.85 0.2984375
1 0.79375 0.2390625 0.7109375 0.2390625 0.7109375 0.2765625 0.79375 0.2765625 0.79375 0.2390625
1 0.91875 0.3546875 0.78125 0.3546875 0.78125 0.39375 0.91875 0.39375 0.91875 0.3546875
1 0.959375 0.3953125 0.828125 0.3953125 0.828125 0.446875 0.959375 0.446875 0.959375 0.3953125
1 1 0.440625 0.9125 0.440625 0.9125 0.4921875 1 0.4921875 1 0.440625