1 0.453125 0.784375 0.3984375 0.784375 0.3984375 0.8984375 0.453125 0.8984375 0.453125 0.784375
1 0.45625 0.7234375 0.41875 0.7234375 0.41875 0.80625 0.45625 0.80625 0.45625 0.7234375
1 0.403125 0.703125 0.3625 0.703125 0.3625 0.790625 0.403125 0.790625 0.403125 0.703125
1 0.3640625 0.6890625 0.33125 0.6890625 0.33125 0.7390625 0.3640625 0.7390625 0.3640625 0.6890625
1 0.321875 0.63125 0.2921875 0.63125 0.2921875 0.703125 0.321875 0.703125 0.321875 0.63125
1 0.353125 0.5734375 0.30625 0.5734375 0.30625 0.65 0.353125 0.65 0.353125 0.5734375
1 0.3625 0.521875 0.3328125 0.521875 0.3328125 0.5875 0.3625 0.5875 0.3625 0.521875
1 0.375 0.484375 0.35 0.484375 0.35 0.5390625 0.375 0.5390625 0.375 0.484375
1 0.4125 0.4640625 0.3859375 0.4640625 0.3859375 0.540625 0.4125 0.540625 0.4125 0.4640625
1 0.49375 0.4640625 0.45625 0.4640625 0.45625 0.5515625 0.49375 0.5515625 0.49375 0.4640625
1 0.271875 0.54375 0.2453125 0.54375 0.2453125 0.6140625 0.271875 0.6140625 0.271875 0.54375
1 0.2359375 0.528125 0.20625 0.528125 0.20625 0.5828125 0.2359375 0.5828125 0.2359375 0.528125
1 0.19375 0.4828125 0.178125 0.4828125 0.178125 0.5328125 0.19375 0.5328125 0.19375 0.4828125
1 0.221875 0.4703125 0.1921875 0.4703125 0.1921875 0.53125 0.221875 0.53125 0.221875 0.4703125
1 0.2 0.440625 0.1671875 0.440625 0.1671875 0.484375 0.2 0.484375 0.2 0.440625
1 0.1875 0.35625 0.15 0.35625 0.15 0.421875 0.1875 0.421875 0.1875 0.35625
1 0.18125 0.2921875 0.15625 0.2921875 0.15625 0.3421875 0.18125 0.3421875 0.18125 0.2921875
1 0.2109375 0.2125 0.1703125 0.2125 0.1703125 0.284375 0.2109375 0.284375 0.2109375 0.2125
1 0.23125 0.175 0.2015625 0.175 0.2015625 0.225 0.23125 0.225 0.23125 0.175
1 0.2875 0.203125 0.246875 0.203125 0.246875 0.246875 0.2875 0.246875 0.2875 0.203125
1 0.3203125 0.215625 0.2953125 0.215625 0.2953125 0.265625 0.3203125 0.265625 0.3203125 0.215625
1 0.2875 0.246875 0.2578125 0.246875 0.2578125 0.334375 0.2875 0.334375 0.2875 0.246875
1 0.253125 0.24375 0.2203125 0.24375 0.2203125 0.309375 0.253125 0.309375 0.253125 0.24375
1 0.253125 0.3171875 0.215625 0.3171875 0.215625 0.35625 0.253125 0.35625 0.253125 0.3171875
1 0.2203125 0.2953125 0.19375 0.2953125 0.19375 0.378125 0.2203125 0.378125 0.2203125 0.2953125
1 0.2546875 0.3578125 0.221875 0.3578125 0.221875 0.4234375 0.2546875 0.4234375 0.2546875 0.3578125
1 0.3 0.4234375 0.2703125 0.4234375 0.2703125 0.4734375 0.3 0.4734375 0.3 0.4234375
1 0.3296875 0.36875 0.3 0.36875 0.3 0.4296875 0.3296875 0.4296875 0.3296875 0.36875
1 0.3578125 0.2328125 0.3203125 0.2328125 0.3203125 0.315625 0.3578125 0.315625 0.3578125 0.2328125
1 0.3734375 0.2015625 0.340625 0.2015625 0.340625 0.2515625 0.3734375 0.2515625 0.3734375 0.2015625
1 0.39375 0.240625 0.35625 0.240625 0.35625 0.3125 0.39375 0.3125 0.39375 0.240625
1 0.4296875 0.2875 0.3921875 0.2875 0.3921875 0.3484375 0.4296875 0.3484375 0.4296875 0.2875
1 0.4640625 0.2296875 0.4203125 0.2296875 0.4203125 0.3 0.4640625 0.3 0.4640625 0.2296875
1 0.5390625 0.171875 0.503125 0.171875 0.503125 0.2484375 0.5390625 0.2484375 0.5390625 0.171875
1 0.4921875 0.1859375 0.4625 0.1859375 0.4625 0.2515625 0.4921875 0.2515625 0.4921875 0.1859375
1 0.3953125 0.33125 0.346875 0.33125 0.346875 0.3859375 0.3953125 0.3859375 0.3953125 0.33125
1 0.3796875 0.3921875 0.3421875 0.3921875 0.3421875 0.4625 0.3796875 0.4625 0.3796875 0.3921875
1 0.2953125 0.5078125 0.26875 0.5078125 0.26875 0.5625 0.2953125 0.5625 0.2953125 0.5078125
1 0.2734375 0.4453125 0.2359375 0.4453125 0.2359375 0.5171875 0.2734375 0.5171875 0.2734375 0.4453125
1 0.3984375 0.6125 0.36875 0.6125 0.36875 0.6953125 0.3984375 0.6953125 0.3984375 0.6125
1 0.4203125 0.6375 0.390625 0.6375 0.390625 0.696875 0.4203125 0.696875 0.4203125 0.6375
1 0.4421875 0.6015625 0.4125 0.6015625 0.4125 0.6609375 0.4421875 0.6609375 0.4421875 0.6015625
1 0.4359375 0.5546875 0.4203125 0.5546875 0.4203125 0.609375 0.4359375 0.609375 0.4359375 0.5546875
1 0.45625 0.571875 0.434375 0.571875 0.434375 0.63125 0.45625 0.63125 0.45625 0.571875
1 0.509375 0.60625 0.48125 0.60625 0.48125 0.6609375 0.509375 0.6609375 0.509375 0.60625
1 0.4765625 0.65625 0.4390625 0.65625 0.4390625 0.721875 0.4765625 0.721875 0.4765625 0.65625
1 0.5109375 0.6640625 0.478125 0.6640625 0.478125 0.7140625 0.5109375 0.7140625 0.5109375 0.6640625
1 0.553125 0.609375 0.5171875 0.609375 0.5171875 0.66875 0.553125 0.66875 0.553125 0.609375
1 0.5796875 0.584375 0.54375 0.584375 0.54375 0.628125 0.5796875 0.628125 0.5796875 0.584375
1 0.609375 0.525 0.5765625 0.525 0.5765625 0.590625 0.609375 0.590625 0.609375 0.525
1 0.6421875 0.4625 0.60625 0.4625 0.60625 0.5234375 0.6421875 0.5234375 0.6421875 0.4625
1 0.665625 0.3984375 0.6296875 0.3984375 0.6296875 0.48125 0.665625 0.48125 0.665625 0.3984375
1 0.68125 0.325 0.6328125 0.325 0.6328125 0.3859375 0.68125 0.3859375 0.68125 0.325
1 0.64375 0.1796875 0.6078125 0.1796875 0.6078125 0.2625 0.64375 0.2625 0.64375 0.1796875
1 0.5875 0.1640625 0.5546875 0.1640625 0.5546875 0.225 0.5875 0.225 0.5875 0.1640625
1 0.665625 0.2515625 0.6328125 0.2515625 0.6328125 0.30625 0.665625 0.30625 0.665625 0.2515625
1 0.6359375 0.2671875 0.596875 0.2671875 0.596875 0.35 0.6359375 0.35 0.6359375 0.2671875
1 0.58125 0.2671875 0.540625 0.2671875 0.540625 0.35 0.58125 0.35 0.58125 0.2671875
1 0.51875 0.265625 0.4890625 0.265625 0.4890625 0.353125 0.51875 0.353125 0.51875 0.265625
1 0.5 0.3125 0.459375 0.3125 0.459375 0.4 0.5 0.4 0.5 0.3125
1 0.459375 0.35 0.4265625 0.35 0.4265625 0.4484375 0.459375 0.4484375 0.459375 0.35
1 0.33125 0.4734375 0.2984375 0.4734375 0.2984375 0.5125 0.33125 0.5125 0.33125 0.4734375
1 0.5109375 0.521875 0.48125 0.521875 0.48125 0.58125 0.5109375 0.58125 0.5109375 0.521875
1 0.534375 0.375 0.5015625 0.375 0.5015625 0.446875 0.534375 0.446875 0.534375 0.375
1 0.609375 0.3609375 0.5703125 0.3609375 0.5703125 0.421875 0.609375 0.421875 0.609375 0.3609375
1 0.5890625 0.44375 0.5484375 0.44375 0.5484375 0.509375 0.5890625 0.509375 0.5890625 0.44375
1 0.528125 0.4890625 0.4984375 0.4890625 0.4984375 0.55 0.528125 0.55 0.528125 0.4890625
1 0.5625 0.5078125 0.534375 0.5078125 0.534375 0.590625 0.5625 0.590625 0.5625 0.5078125