1 0.284375 0.6734375 0.2171875 0.6734375 0.2171875 0.76875 0.284375 0.76875 0.284375 0.6734375
1 0.3640625 0.6875 0.303125 0.6875 0.303125 0.765625 0.3640625 0.765625 0.3640625 0.6875
1 0.4625 0.6578125 0.4125 0.6578125 0.4125 0.7296875 0.4625 0.7296875 0.4625 0.6578125
1 0.528125 0.753125 0.4578125 0.753125 0.4578125 0.81875 0.528125 0.81875 0.528125 0.753125
1 0.540625 0.575 0.5015625 0.575 0.5015625 0.653125 0.540625 0.653125 0.540625 0.575
1 0.575 0.521875 0.5171875 0.521875 0.5171875 0.5875 0.575 0.5875 0.575 0.521875
1 0.5953125 0.5625 0.5421875 0.5625 0.5421875 0.6765625 0.5953125 0.6765625 0.5953125 0.5625
1 0.69375 0.5234375 0.6203125 0.5234375 0.6203125 0.61875 0.69375 0.61875 0.69375 0.5234375
1 0.70625 0.3921875 0.6359375 0.3921875 0.6359375 0.4703125 0.70625 0.4703125 0.70625 0.3921875
1 0.715625 0.2265625 0.68125 0.2265625 0.68125 0.3125 0.715625 0.3125 0.715625 0.2265625
1 0.6390625 0.1703125 0.5515625 0.1703125 0.5515625 0.284375 0.6390625 0.284375 0.6390625 0.1703125
1 0.5890625 0.253125 0.51875 0.253125 0.51875 0.378125 0.5890625 0.378125 0.5890625 0.253125