1 0.5390625 0.065625 0.4453125 0.065625 0.4453125 0.1453125 0.5390625 0.1453125 0.5390625 0.065625
1 0.371875 0.309375 0.284375 0.309375 0.284375 0.3484375 0.371875 0.3484375 0.371875 0.309375
1 0.471875 0.3203125 0.4078125 0.3203125 0.4078125 0.3671875 0.471875 0.3671875 0.471875 0.3203125
1 0.4328125 0.4640625 0.3453125 0.4640625 0.3453125 0.51875 0.4328125 0.51875 0.4328125 0.4640625
1 0.6859375 0.1453125 0.5875 0.1453125 0.5875 0.1859375 0.6859375 0.1859375 0.6859375 0.1453125
1 0.7375 0.0953125 0.6671875 0.0953125 0.6671875 0.16875 0.7375 0.16875 0.7375 0.0953125
1 0.725 0.04375 0.6375 0.04375 0.6375 0.0875 0.725 0.0875 0.725 0.04375
1 0.7703125 0.0203125 0.715625 0.0203125 0.715625 0.0640625 0.7703125 0.0640625 0.7703125 0.0203125
1 0.76875 0.21875 0.725 0.21875 0.725 0.2515625 0.76875 0.2515625 0.76875 0.21875
1 0.721875 0.246875 0.634375 0.246875 0.634375 0.290625 0.721875 0.290625 0.721875 0.246875
1 0.940625 0.125 0.9078125 0.125 0.9078125 0.1796875 0.940625 0.1796875 0.940625 0.125
1 0.959375 0.209375 0.9046875 0.209375 0.9046875 0.2578125 0.959375 0.2578125 0.959375 0.209375
1 0.9453125 0.2453125 0.86875 0.2453125 0.86875 0.278125 0.9453125 0.278125 0.9453125 0.2453125
1 0.9078125 0.2921875 0.846875 0.2921875 0.846875 0.3328125 0.9078125 0.3328125 0.9078125 0.2921875
1 0.9328125 0.3484375 0.878125 0.3484375 0.878125 0.3859375 0.9328125 0.3859375 0.9328125 0.3484375
1 0.9 0.36875 0.8453125 0.36875 0.8453125 0.4171875 0.9 0.4171875 0.9 0.36875
1 0.846875 0.45625 0.78125 0.45625 0.78125 0.5046875 0.846875 0.5046875 0.846875 0.45625
1 0.7265625 0.4703125 0.6609375 0.4703125 0.6609375 0.521875 0.7265625 0.521875 0.7265625 0.4703125
1 0.6609375 0.446875 0.5734375 0.446875 0.5734375 0.5015625 0.6609375 0.5015625 0.6609375 0.446875
1 0.6265625 0.5125 0.5828125 0.5125 0.5828125 0.540625 0.6265625 0.540625 0.6265625 0.5125
1 0.63125 0.540625 0.58125 0.540625 0.58125 0.5703125 0.63125 0.5703125 0.63125 0.540625
1 0.68125 0.565625 0.6375 0.565625 0.6375 0.609375 0.68125 0.609375 0.68125 0.565625
1 0.4921875 0.575 0.43125 0.575 0.43125 0.6140625 0.4921875 0.6140625 0.4921875 0.575
1 0.50625 0.6375 0.4734375 0.6375 0.4734375 0.678125 0.50625 0.678125 0.50625 0.6375
1 0.640625 0.6484375 0.6015625 0.6484375 0.6015625 0.684375 0.640625 0.684375 0.640625 0.6484375
1 0.76875 0.6203125 0.725 0.6203125 0.725 0.659375 0.76875 0.659375 0.76875 0.6203125
1 0.896875 0.6109375 0.8359375 0.6109375 0.8359375 0.665625 0.896875 0.665625 0.896875 0.6109375
1 0.9921875 0.5671875 0.9484375 0.5671875 0.9484375 0.625 0.9921875 0.625 0.9921875 0.5671875
1 0.9140625 0.7078125 0.8640625 0.7078125 0.8640625 0.7765625 0.9140625 0.7765625 0.9140625 0.7078125
1 0.859375 0.7171875 0.8203125 0.7171875 0.8203125 0.775 0.859375 0.775 0.859375 0.7171875
1 0.7296875 0.6859375 0.675 0.6859375 0.675 0.740625 0.7296875 0.740625 0.7296875 0.6859375
1 0.3984375 0.74375 0.35625 0.74375 0.35625 0.7953125 0.3984375 0.7953125 0.3984375 0.74375
1 0.3453125 0.715625 0.290625 0.715625 0.290625 0.7703125 0.3453125 0.7703125 0.3453125 0.715625
1 0.3375 0.78125 0.2765625 0.78125 0.2765625 0.8546875 0.3375 0.8546875 0.3375 0.78125
1 0.834375 0.775 0.8015625 0.775 0.8015625 0.8234375 0.834375 0.8234375 0.834375 0.775
1 0.4625 0.846875 0.375 0.846875 0.375 0.9125 0.4625 0.9125 0.4625 0.846875
1 0.4484375 0.909375 0.3546875 0.909375 0.3546875 0.975 0.4484375 0.975 0.4484375 0.909375
1 0.5734375 0.8671875 0.4859375 0.8671875 0.4859375 0.9359375 0.5734375 0.9359375 0.5734375 0.8671875
1 0.7375 0.9359375 0.6609375 0.9359375 0.6609375 0.990625 0.7375 0.990625 0.7375 0.9359375
1 0.35625 0.8984375 0.26875 0.8984375 0.26875 0.9671875 0.35625 0.9671875 0.35625 0.8984375
1 0.1171875 0.8890625 0.040625 0.8890625 0.040625 0.9625 0.1171875 0.9625 0.1171875 0.8890625