1 0.609375 0.21875 0.553125 0.21875 0.553125 0.325 0.609375 0.325 0.609375 0.21875
1 0.6203125 0.3578125 0.5453125 0.3578125 0.5453125 0.421875 0.6203125 0.421875 0.6203125 0.3578125
1 0.5046875 0.2921875 0.4171875 0.2921875 0.4171875 0.3765625 0.5046875 0.3765625 0.5046875 0.2921875
1 0.7890625 0.340625 0.7109375 0.340625 0.7109375 0.3984375 0.7890625 0.3984375 0.7890625 0.340625
1 0.7328125 0.3140625 0.65 0.3140625 0.65 0.371875 0.7328125 0.371875 0.7328125 0.3140625
1 0.8109375 0.2953125 0.746875 0.2953125 0.746875 0.353125 0.8109375 0.353125 0.8109375 0.2953125
1 0.8703125 0.4390625 0.8171875 0.4390625 0.8171875 0.5078125 0.8703125 0.5078125 0.8703125 0.4390625
1 0.559375 0.4 0.509375 0.4 0.509375 0.4578125 0.559375 0.4578125 0.559375 0.4
1 0.346875 0.146875 0.3015625 0.146875 0.3015625 0.2421875 0.346875 0.2421875 0.346875 0.146875
1 0.18125 0.146875 0.1015625 0.146875 0.1015625 0.215625 0.18125 0.215625 0.18125 0.146875
1 0.325 0.2765625 0.275 0.2765625 0.275 0.3609375 0.325 0.3609375 0.325 0.2765625
1 0.715625 0.40625 0.64375 0.40625 0.64375 0.475 0.715625 0.475 0.715625 0.40625