1 0.4203125 0.015625 0.35 0.015625 0.35 0.0921875 0.4203125 0.0921875 0.4203125 0.015625
1 0.40625 0.0984375 0.3421875 0.0984375 0.3421875 0.159375 0.40625 0.159375 0.40625 0.0984375
1 0.3640625 0.1875 0.29375 0.1875 0.29375 0.2703125 0.3640625 0.2703125 0.3640625 0.1875
1 0.3609375 0.2890625 0.2828125 0.2890625 0.2828125 0.3515625 0.3609375 0.3515625 0.3609375 0.2890625
1 0.325 0.3609375 0.2546875 0.3609375 0.2546875 0.4140625 0.325 0.4140625 0.325 0.3609375
1 0.3046875 0.428125 0.2390625 0.428125 0.2390625 0.490625 0.3046875 0.490625 0.3046875 0.428125
1 0.3234375 0.478125 0.2578125 0.478125 0.2578125 0.5359375 0.3234375 0.5359375 0.3234375 0.478125
1 0.271875 0.5578125 0.196875 0.5578125 0.196875 0.6109375 0.271875 0.6109375 0.271875 0.5578125
1 0.2703125 0.6109375 0.2 0.6109375 0.2 0.678125 0.2703125 0.678125 0.2703125 0.6109375
1 0.2171875 0.6828125 0.159375 0.6828125 0.159375 0.75 0.2171875 0.75 0.2171875 0.6828125
1 0.178125 0.7484375 0.1203125 0.7484375 0.1203125 0.8109375 0.178125 0.8109375 0.178125 0.7484375
1 0.1578125 0.8109375 0.096875 0.8109375 0.096875 0.859375 0.1578125 0.859375 0.1578125 0.8109375
1 0.1296875 0.878125 0.071875 0.878125 0.071875 0.921875 0.1296875 0.921875 0.1296875 0.878125
1 0.225 0.8109375 0.175 0.8109375 0.175 0.878125 0.225 0.878125 0.225 0.8109375
1 0.3125 0.8078125 0.259375 0.8078125 0.259375 0.875 0.3125 0.875 0.3125 0.8078125
1 0.409375 0.7421875 0.3515625 0.7421875 0.3515625 0.8046875 0.409375 0.8046875 0.409375 0.7421875
1 0.503125 0.678125 0.4453125 0.678125 0.4453125 0.75 0.503125 0.75 0.503125 0.678125
1 0.5765625 0.659375 0.51875 0.659375 0.51875 0.73125 0.5765625 0.73125 0.5765625 0.659375
1 0.6515625 0.6421875 0.6015625 0.6421875 0.6015625 0.6953125 0.6515625 0.6953125 0.6515625 0.6421875
1 0.728125 0.584375 0.6625 0.584375 0.6625 0.646875 0.728125 0.646875 0.728125 0.584375
1 0.8296875 0.54375 0.771875 0.54375 0.771875 0.60625 0.8296875 0.60625 0.8296875 0.54375
1 0.9515625 0.4625 0.8890625 0.4625 0.8890625 0.534375 0.9515625 0.534375 0.9515625 0.4625