1 0.946875 0.1796875 0.88125 0.1796875 0.88125 0.246875 0.946875 0.246875 0.946875 0.1796875
1 0.8265625 0.253125 0.7671875 0.253125 0.7671875 0.3328125 0.8265625 0.3328125 0.8265625 0.253125
1 0.9234375 0.3234375 0.853125 0.3234375 0.853125 0.3828125 0.9234375 0.3828125 0.9234375 0.3234375
1 0.771875 0.3109375 0.7125 0.3109375 0.7125 0.3984375 0.771875 0.3984375 0.771875 0.3109375
1 0.7015625 0.2734375 0.646875 0.2734375 0.646875 0.3375 0.7015625 0.3375 0.7015625 0.2734375
1 0.703125 0.20625 0.6375 0.20625 0.6375 0.278125 0.703125 0.278125 0.703125 0.20625
1 0.7875 0.196875 0.721875 0.196875 0.721875 0.271875 0.7875 0.271875 0.7875 0.196875
1 0.58125 0.3609375 0.5375 0.3609375 0.5375 0.4484375 0.58125 0.4484375 0.58125 0.3609375
1 0.4953125 0.3984375 0.440625 0.3984375 0.440625 0.45 0.4953125 0.45 0.4953125 0.3984375
1 0.4265625 0.4296875 0.3765625 0.4296875 0.3765625 0.521875 0.4265625 0.521875 0.4265625 0.4296875
1 0.4953125 0.4921875 0.425 0.4921875 0.425 0.54375 0.4953125 0.54375 0.4953125 0.4921875
1 0.49375 0.5359375 0.41875 0.5359375 0.41875 0.5875 0.49375 0.5875 0.49375 0.5359375
1 0.528125 0.5796875 0.465625 0.5796875 0.465625 0.628125 0.528125 0.628125 0.528125 0.5796875
1 0.515625 0.6296875 0.453125 0.6296875 0.453125 0.671875 0.515625 0.671875 0.515625 0.6296875
1 0.3046875 0.465625 0.234375 0.465625 0.234375 0.5578125 0.3046875 0.5578125 0.3046875 0.465625
1 0.2890625 0.5640625 0.1890625 0.5640625 0.1890625 0.6203125 0.2890625 0.6203125 0.2890625 0.5640625
1 0.2390625 0.7125 0.1546875 0.7125 0.1546875 0.7875 0.2390625 0.7875 0.2390625 0.7125
1 0.2890625 0.8171875 0.2171875 0.8171875 0.2171875 0.8953125 0.2890625 0.8953125 0.2890625 0.8171875
1 0.3421875 0.8140625 0.278125 0.8140625 0.278125 0.8984375 0.3421875 0.8984375 0.3421875 0.8140625
1 0.528125 0.853125 0.475 0.853125 0.475 0.9109375 0.528125 0.9109375 0.528125 0.853125
1 0.9234375 0.7828125 0.8625 0.7828125 0.8625 0.8453125 0.9234375 0.8453125 0.9234375 0.7828125
1 0.8203125 0.8015625 0.7609375 0.8015625 0.7609375 0.8890625 0.8203125 0.8890625 0.8203125 0.8015625
1 0.7703125 0.80625 0.7390625 0.80625 0.7390625 0.8875 0.7703125 0.8875 0.7703125 0.80625