1 0.19375 0.1421875 0.109375 0.1421875 0.109375 0.2578125 0.19375 0.2578125 0.19375 0.1421875
1 0.1359375 0.2796875 0.0625 0.2796875 0.0625 0.378125 0.1359375 0.378125 0.1359375 0.2796875
1 0.20625 0.4265625 0.1375 0.4265625 0.1375 0.5203125 0.20625 0.5203125 0.20625 0.4265625
1 0.4140625 0.178125 0.3125 0.178125 0.3125 0.2828125 0.4140625 0.2828125 0.4140625 0.178125
1 0.503125 0.1484375 0.4015625 0.1484375 0.4015625 0.3125 0.503125 0.3125 0.503125 0.1484375
1 0.6015625 0.15 0.5359375 0.15 0.5359375 0.2265625 0.6015625 0.2265625 0.6015625 0.15
1 0.8234375 0 0.8234375 0.0921875 0.9140625 0.0921875 0.9140625 0 0.8234375 0
1 0.90625 0.1125 0.8453125 0.1125 0.8453125 0.2 0.90625 0.2 0.90625 0.1125
1 0.9890625 0.2046875 0.9125 0.2046875 0.9125 0.3140625 0.9890625 0.3140625 0.9890625 0.2046875
1 0.8078125 0.1453125 0.734375 0.1453125 0.734375 0.309375 0.8078125 0.309375 0.8078125 0.1453125
1 0.828125 0.28125 0.7484375 0.28125 0.7484375 0.4078125 0.828125 0.4078125 0.828125 0.28125
1 0.6890625 0.3765625 0.63125 0.3765625 0.63125 0.4703125 0.6890625 0.4703125 0.6890625 0.3765625
1 0.578125 0.303125 0.5125 0.303125 0.5125 0.4296875 0.578125 0.4296875 0.578125 0.303125
1 0.49375 0.30625 0.4203125 0.30625 0.4203125 0.44375 0.49375 0.44375 0.49375 0.30625
1 0.55 0.521875 0.4703125 0.521875 0.4703125 0.6265625 0.55 0.6265625 0.55 0.521875
1 0.628125 0.4859375 0.565625 0.4859375 0.565625 0.6015625 0.628125 0.6015625 0.628125 0.4859375
1 0.7859375 0.48125 0.728125 0.48125 0.728125 0.5640625 0.7859375 0.5640625 0.7859375 0.48125
1 0.896875 0.3859375 0.8390625 0.3859375 0.8390625 0.484375 0.896875 0.484375 0.896875 0.3859375
1 0.921875 0.4921875 0.8671875 0.4921875 0.8671875 0.575 0.921875 0.575 0.921875 0.4921875
1 0.9671875 0.459375 0.91875 0.459375 0.91875 0.5359375 0.9671875 0.5359375 0.9671875 0.459375
1 0.984375 0.5390625 0.9109375 0.5390625 0.9109375 0.6484375 0.984375 0.6484375 0.984375 0.5390625
1 0.9125 0.6671875 0.846875 0.6671875 0.846875 0.75 0.9125 0.75 0.9125 0.6671875
1 0.440625 0.4046875 0.3609375 0.4046875 0.3609375 0.525 0.440625 0.525 0.440625 0.4046875
1 0.5265625 0.44375 0.45 0.44375 0.45 0.4984375 0.5265625 0.4984375 0.5265625 0.44375
1 0.375 0.525 0.2984375 0.525 0.2984375 0.6125 0.375 0.6125 0.375 0.525
1 0.36875 0.5875 0.278125 0.5875 0.278125 0.675 0.36875 0.675 0.36875 0.5875
1 0.165625 0.53125 0.0640625 0.53125 0.0640625 0.7 0.165625 0.7 0.165625 0.53125
1 0.1078125 0.375 0.03125 0.375 0.03125 0.425 0.1078125 0.425 0.1078125 0.375
1 0.146875 0.7453125 0.0671875 0.7453125 0.0671875 0.85 0.146875 0.85 0.146875 0.7453125
1 0.2171875 0.6890625 0.159375 0.6890625 0.159375 0.7828125 0.2171875 0.7828125 0.2171875 0.6890625
1 0.3078125 0.784375 0.2421875 0.784375 0.2421875 0.878125 0.3078125 0.878125 0.3078125 0.784375
1 0.409375 0.721875 0.3515625 0.721875 0.3515625 0.809375 0.409375 0.809375 0.409375 0.721875
1 0.4640625 0.74375 0.3953125 0.74375 0.3953125 0.8203125 0.4640625 0.8203125 0.4640625 0.74375
1 0.4796875 0.8015625 0.421875 0.8015625 0.421875 0.85625 0.4796875 0.85625 0.4796875 0.8015625
1 0.5109375 0.653125 0.459375 0.653125 0.459375 0.7359375 0.5109375 0.7359375 0.5109375 0.653125
1 0.4640625 0.5984375 0.4265625 0.5984375 0.4265625 0.703125 0.4640625 0.703125 0.4640625 0.5984375
1 0.409375 0.590625 0.365625 0.590625 0.365625 0.6453125 0.409375 0.6453125 0.409375 0.590625
1 0.6265625 0.6421875 0.5828125 0.6421875 0.5828125 0.7140625 0.6265625 0.7140625 0.6265625 0.6421875
1 0.7046875 0.484375 0.6640625 0.484375 0.6640625 0.55 0.7046875 0.55 0.7046875 0.484375
1 0.76875 0.8015625 0.7109375 0.8015625 0.7109375 0.878125 0.76875 0.878125 0.76875 0.8015625
1 0.946875 0.80625 0.8890625 0.80625 0.8890625 0.9046875 0.946875 0.9046875 0.946875 0.80625
1 0.7796875 0.8765625 0.721875 0.8765625 0.721875 0.9484375 0.7796875 0.9484375 0.7796875 0.8765625
1 0.625 0.7875 0.5671875 0.7875 0.5671875 0.875 0.625 0.875 0.625 0.7875
1 0.5890625 0.8328125 0.5234375 0.8328125 0.5234375 0.9265625 0.5890625 0.9265625 0.5890625 0.8328125
1 0.5328125 0.846875 0.48125 0.846875 0.48125 0.9234375 0.5328125 0.9234375 0.5328125 0.846875
1 0.653125 0.8421875 0.6046875 0.8421875 0.6046875 0.925 0.653125 0.925 0.653125 0.8421875
1 0.446875 0.85625 0.378125 0.85625 0.378125 0.9328125 0.446875 0.9328125 0.446875 0.85625
1 0.5984375 0.9421875 0.5 0.9421875 0.5 0.9921875 0.5984375 0.9921875 0.5984375 0.9421875
1 0.86875 0.7546875 0.8171875 0.7546875 0.8171875 0.8140625 0.86875 0.8140625 0.86875 0.7546875
1 0.775 0.7265625 0.728125 0.7265625 0.728125 0.8140625 0.775 0.8140625 0.775 0.7265625
1 0.584375 0.63125 0.5328125 0.63125 0.5328125 0.7140625 0.584375 0.7140625 0.584375 0.63125
1 0.846875 0.590625 0.8 0.590625 0.8 0.6671875 0.846875 0.6671875 0.846875 0.590625
1 0.8765625 0.8578125 0.81875 0.8578125 0.81875 0.934375 0.8765625 0.934375 0.8765625 0.8578125
1 0.6875 0.934375 0.6359375 0.934375 0.6359375 0.984375 0.6875 0.984375 0.6875 0.934375
1 0.1609375 0.8828125 0.10625 0.8828125 0.10625 0.9546875 0.1609375 0.9546875 0.1609375 0.8828125