1 0.259375 0.2796875 0.203125 0.2796875 0.203125 0.3265625 0.259375 0.3265625 0.259375 0.2796875
1 0.1953125 0.315625 0.15 0.315625 0.15 0.3484375 0.1953125 0.3484375 0.1953125 0.315625
1 0.29375 0.3734375 0.2484375 0.3734375 0.2484375 0.4 0.29375 0.4 0.29375 0.3734375
1 0.115625 0.434375 0.065625 0.434375 0.065625 0.478125 0.115625 0.478125 0.115625 0.434375
1 0.2234375 0.465625 0.1671875 0.465625 0.1671875 0.5015625 0.2234375 0.5015625 0.2234375 0.465625
1 0.2046875 0.5359375 0.1109375 0.5359375 0.1109375 0.5921875 0.2046875 0.5921875 0.2046875 0.5359375
1 0.2796875 0.5234375 0.196875 0.5234375 0.196875 0.5671875 0.2796875 0.5671875 0.2796875 0.5234375
1 0.284375 0.4671875 0.2296875 0.4671875 0.2296875 0.5046875 0.284375 0.5046875 0.284375 0.4671875
1 0.33125 0.465625 0.2875 0.465625 0.2875 0.5046875 0.33125 0.5046875 0.33125 0.465625
1 0.3453125 0.5046875 0.29375 0.5046875 0.29375 0.54375 0.3453125 0.54375 0.3453125 0.5046875
1 0.3859375 0.5390625 0.3046875 0.5390625 0.3046875 0.5859375 0.3859375 0.5859375 0.3859375 0.5390625
1 0.4046875 0.5953125 0.3296875 0.5953125 0.3296875 0.634375 0.4046875 0.634375 0.4046875 0.5953125
1 0.3515625 0.6671875 0.2890625 0.6671875 0.2890625 0.7171875 0.3515625 0.7171875 0.3515625 0.6671875
1 0.465625 0.6765625 0.3984375 0.6765625 0.3984375 0.7140625 0.465625 0.7140625 0.465625 0.6765625
1 0.584375 0.6890625 0.521875 0.6890625 0.521875 0.7390625 0.584375 0.7390625 0.584375 0.6890625
1 0.7484375 0.7046875 0.6875 0.7046875 0.6875 0.7625 0.7484375 0.7625 0.7484375 0.7046875
1 0.1859375 0.4078125 0.10625 0.4078125 0.10625 0.459375 0.1859375 0.459375 0.1859375 0.4078125
1 0.4296875 0.396875 0.378125 0.396875 0.378125 0.4390625 0.4296875 0.4390625 0.4296875 0.396875
1 0.48125 0.4640625 0.3734375 0.4640625 0.3734375 0.51875 0.48125 0.51875 0.48125 0.4640625
1 0.5078125 0.5578125 0.396875 0.5578125 0.396875 0.6 0.5078125 0.6 0.5078125 0.5578125
1 0.4921875 0.53125 0.4421875 0.53125 0.4421875 0.5609375 0.4921875 0.5609375 0.4921875 0.53125
1 0.553125 0.5109375 0.475 0.5109375 0.475 0.553125 0.553125 0.553125 0.553125 0.5109375
1 0.5515625 0.434375 0.478125 0.434375 0.478125 0.4765625 0.5515625 0.4765625 0.5515625 0.434375
1 0.6234375 0.4484375 0.5796875 0.4484375 0.5796875 0.4796875 0.6234375 0.4796875 0.6234375 0.4484375
1 0.59375 0.578125 0.5359375 0.578125 0.5359375 0.6234375 0.59375 0.6234375 0.59375 0.578125
1 0.646875 0.29375 0.5109375 0.29375 0.5109375 0.365625 0.646875 0.365625 0.646875 0.29375
1 0.6671875 0.1703125 0.5359375 0.1703125 0.5359375 0.2328125 0.6671875 0.2328125 0.6671875 0.1703125
1 0.73125 0.1859375 0.675 0.1859375 0.675 0.225 0.73125 0.225 0.73125 0.1859375
1 0.7328125 0.2375 0.66875 0.2375 0.66875 0.28125 0.7328125 0.28125 0.7328125 0.2375
1 0.79375 0.334375 0.7359375 0.334375 0.7359375 0.378125 0.79375 0.378125 0.79375 0.334375
1 0.865625 0.2625 0.8078125 0.2625 0.8078125 0.303125 0.865625 0.303125 0.865625 0.2625
1 0.9640625 0.646875 0.9015625 0.646875 0.9015625 0.6796875 0.9640625 0.6796875 0.9640625 0.646875
1 0.9 0.65 0.85 0.65 0.85 0.696875 0.9 0.696875 0.9 0.65
1 0.8203125 0.65 0.75 0.65 0.75 0.6953125 0.8203125 0.6953125 0.8203125 0.65
1 0.996875 0.5578125 0.9171875 0.5578125 0.9171875 0.625 0.996875 0.625 0.996875 0.5578125
1 0.8796875 0.575 0.803125 0.575 0.803125 0.63125 0.8796875 0.63125 0.8796875 0.575
1 0.928125 0.5015625 0.86875 0.5015625 0.86875 0.54375 0.928125 0.54375 0.928125 0.5015625
1 0.915625 0.5515625 0.88125 0.5515625 0.88125 0.5796875 0.915625 0.5796875 0.915625 0.5515625
1 0.8546875 0.5328125 0.784375 0.5328125 0.784375 0.571875 0.8546875 0.571875 0.8546875 0.5328125
1 0.659375 0.3890625 0.59375 0.3890625 0.59375 0.4203125 0.659375 0.4203125 0.659375 0.3890625
1 0.70625 0.359375 0.64375 0.359375 0.64375 0.428125 0.70625 0.428125 0.70625 0.359375
1 0.6796875 0.5171875 0.603125 0.5171875 0.603125 0.540625 0.6796875 0.540625 0.6796875 0.5171875
1 0.6828125 0.4890625 0.6046875 0.4890625 0.6046875 0.515625 0.6828125 0.515625 0.6828125 0.4890625
1 0.7625 0.553125 0.65625 0.553125 0.65625 0.59375 0.7625 0.59375 0.7625 0.553125
1 0.7484375 0.5125 0.69375 0.5125 0.69375 0.5515625 0.7484375 0.5515625 0.7484375 0.5125
1 0.965625 0.421875 0.9 0.421875 0.9 0.471875 0.965625 0.471875 0.965625 0.421875
1 0.8578125 0.3984375 0.8265625 0.3984375 0.8265625 0.440625 0.8578125 0.440625 0.8578125 0.3984375
1 0.909375 0.3671875 0.8515625 0.3671875 0.8515625 0.39375 0.909375 0.39375 0.909375 0.3671875
1 0.8125 0.375 0.75 0.375 0.75 0.4109375 0.8125 0.4109375 0.8125 0.375
1 0.990625 0.290625 0.9078125 0.290625 0.9078125 0.3765625 0.990625 0.3765625 0.990625 0.290625
1 0.8984375 0.3015625 0.8203125 0.3015625 0.8203125 0.3625 0.8984375 0.3625 0.8984375 0.3015625
1 0.9171875 0.390625 0.871875 0.390625 0.871875 0.4140625 0.9171875 0.4140625 0.9171875 0.390625
1 0.9015625 0.4375 0.8546875 0.4375 0.8546875 0.475 0.9015625 0.475 0.9015625 0.4375
1 0.828125 0.40625 0.778125 0.40625 0.778125 0.45 0.828125 0.45 0.828125 0.40625
1 0.859375 0.4875 0.753125 0.4875 0.753125 0.5234375 0.859375 0.5234375 0.859375 0.4875
1 0.834375 0.4484375 0.775 0.4484375 0.775 0.4828125 0.834375 0.4828125 0.834375 0.4484375
1 0.321875 0.41875 0.234375 0.41875 0.234375 0.4546875 0.321875 0.4546875 0.321875 0.41875