1 0.4015625 0.3796875 0.2984375 0.3796875 0.2984375 0.446875 0.4015625 0.446875 0.4015625 0.3796875
1 0.6203125 0.4328125 0.5171875 0.4328125 0.5171875 0.5078125 0.6203125 0.5078125 0.6203125 0.4328125
1 0.7734375 0.378125 0.671875 0.378125 0.671875 0.4796875 0.7734375 0.4796875 0.7734375 0.378125
1 0.7140625 0.4953125 0.621875 0.4953125 0.621875 0.575 0.7140625 0.575 0.7140625 0.4953125
1 0.740625 0.5796875 0.6359375 0.5796875 0.6359375 0.6546875 0.740625 0.6546875 0.740625 0.5796875
1 0.8140625 0.73125 0.728125 0.73125 0.728125 0.790625 0.8140625 0.790625 0.8140625 0.73125
1 0.640625 0.68125 0.575 0.68125 0.575 0.74375 0.640625 0.74375 0.640625 0.68125
1 0.5484375 0.578125 0.459375 0.578125 0.459375 0.640625 0.5484375 0.640625 0.5484375 0.578125
1 0.409375 0.6453125 0.3359375 0.6453125 0.3359375 0.7203125 0.409375 0.7203125 0.409375 0.6453125
1 0.5734375 0.6953125 0.4875 0.6953125 0.4875 0.75 0.5734375 0.75 0.5734375 0.6953125
1 0.578125 0.6484375 0.4828125 0.6484375 0.4828125 0.6984375 0.578125 0.6984375 0.578125 0.6484375