1 0.1125 0.1625 0.0166666671875 0.1625 0.0166666671875 0.225 0.1125 0.225 0.1125 0.1625
1 0.0758333328125 0.2425 0.0033333328125 0.2425 0.0033333328125 0.32083333281250004 0.0758333328125 0.32083333281250004 0.0758333328125 0.2425
1 0.2575 0.395 0.20166666718749998 0.395 0.20166666718749998 0.4566666671875 0.2575 0.4566666671875 0.2575 0.395
1 0.3775 0.395 0.325 0.395 0.325 0.43166666718749996 0.3775 0.43166666718749996 0.3775 0.395
1 0.5375 0.35583333281249996 0.47416666718749995 0.35583333281249996 0.47416666718749995 0.3858333328125 0.5375 0.3858333328125 0.5375 0.35583333281249996
1 0.6141666671875 0.3516666671875 0.5458333328125 0.3516666671875 0.5458333328125 0.3975 0.6141666671875 0.3975 0.6141666671875 0.3516666671875
1 0.5158333328125 0.47000000000000003 0.45499999999999996 0.47000000000000003 0.45499999999999996 0.53 0.5158333328125 0.53 0.5158333328125 0.47000000000000003
1 0.5225 0.5508333328125 0.46666666718750005 0.5508333328125 0.46666666718750005 0.5916666671875 0.5225 0.5916666671875 0.5225 0.5508333328125
1 0.43583333281250003 0.5708333328124999 0.37 0.5708333328124999 0.37 0.6391666671875 0.43583333281250003 0.6391666671875 0.43583333281250003 0.5708333328124999
1 0.47000000000000003 0.5758333328125 0.42833333281249997 0.5758333328125 0.42833333281249997 0.615 0.47000000000000003 0.615 0.47000000000000003 0.5758333328125
1 0.7141666671875 0.58 0.6458333328125 0.58 0.6458333328125 0.6308333328125 0.7141666671875 0.6308333328125 0.7141666671875 0.58
1 0.9133333328125 0.5916666671875 0.8541666671874999 0.5916666671875 0.8541666671874999 0.6258333328125001 0.9133333328125 0.6258333328125001 0.9133333328125 0.5916666671875
1 0.7525000000000001 0.6308333328125 0.7 0.6308333328125 0.7 0.6716666671875 0.7525000000000001 0.6716666671875 0.7525000000000001 0.6308333328125
1 0.6683333328125001 0.6425 0.6125 0.6425 0.6125 0.6741666671875 0.6683333328125001 0.6741666671875 0.6683333328125001 0.6425
1 0.5958333328125 0.6916666671875 0.525 0.6916666671875 0.525 0.73 0.5958333328125 0.73 0.5958333328125 0.6916666671875
1 0.58 0.7416666671875001 0.5333333328125 0.7416666671875001 0.5333333328125 0.7566666671875 0.58 0.7566666671875 0.58 0.7416666671875001
1 0.4733333328125 0.635 0.43 0.635 0.43 0.6608333328125 0.4733333328125 0.6608333328125 0.4733333328125 0.635
1 0.43 0.6741666671875 0.3933333328125 0.6741666671875 0.3933333328125 0.7041666671875 0.43 0.7041666671875 0.43 0.6741666671875
1 0.365 0.6316666671875 0.31916666718750003 0.6316666671875 0.31916666718750003 0.7125 0.365 0.7125 0.365 0.6316666671875
1 0.3183333328125 0.5683333328125 0.2608333328125 0.5683333328125 0.2608333328125 0.6283333328125 0.3183333328125 0.6283333328125 0.3183333328125 0.5683333328125
1 0.4483333328125 0.7325 0.3991666671875 0.7325 0.3991666671875 0.7583333328124999 0.4483333328125 0.7583333328124999 0.4483333328125 0.7325
1 0.48333333281249996 0.6941666671875 0.42833333281249997 0.6941666671875 0.42833333281249997 0.7383333328125 0.48333333281249996 0.7383333328125 0.48333333281249996 0.6941666671875
1 0.5308333328125 0.8016666671875001 0.4533333328125 0.8016666671875001 0.4533333328125 0.8466666671875 0.5308333328125 0.8466666671875 0.5308333328125 0.8016666671875001
1 0.5275000000000001 0.8416666671874999 0.4883333328125 0.8416666671874999 0.4883333328125 0.8791666671874999 0.5275000000000001 0.8791666671874999 0.5275000000000001 0.8416666671874999
1 0.5766666671875 0.8324999999999999 0.5283333328125 0.8324999999999999 0.5283333328125 0.8841666671875 0.5766666671875 0.8841666671875 0.5766666671875 0.8324999999999999
1 0.43833333281250003 0.885 0.38416666718750003 0.885 0.38416666718750003 0.9616666671875 0.43833333281250003 0.9616666671875 0.43833333281250003 0.885