1 0.1066666671875 0.1708333328125 0.0116666671875 0.1708333328125 0.0116666671875 0.2316666671875 0.1066666671875 0.2316666671875 0.1066666671875 0.1708333328125
1 0 0.3283333328125 0.07083333281250001 0.3283333328125 0.07083333281250001 0.2508333328125 0 0.2508333328125 0 0.3283333328125
1 0.2558333328125 0.4 0.2008333328125 0.4 0.2008333328125 0.4608333328125 0.2558333328125 0.4608333328125 0.2558333328125 0.4
1 0.375 0.3975 0.3233333328125 0.3975 0.3233333328125 0.43333333281249997 0.375 0.43333333281249997 0.375 0.3975
1 0.5349999999999999 0.35583333281249996 0.4725 0.35583333281249996 0.4725 0.385 0.5349999999999999 0.385 0.5349999999999999 0.35583333281249996
1 0.6116666671875 0.3508333328125 0.5441666671875 0.3508333328125 0.5441666671875 0.3958333328125 0.6116666671875 0.3958333328125 0.6116666671875 0.3508333328125
1 0.515 0.47083333281249995 0.45499999999999996 0.47083333281249995 0.45499999999999996 0.53 0.515 0.53 0.515 0.47083333281249995
1 0.5233333328125 0.5508333328125 0.4683333328125 0.5508333328125 0.4683333328125 0.5908333328125 0.5233333328125 0.5908333328125 0.5233333328125 0.5508333328125
1 0.43666666718749997 0.5725 0.3716666671875 0.5725 0.3716666671875 0.64 0.43666666718749997 0.64 0.43666666718749997 0.5725
1 0.47083333281249995 0.5766666671875 0.43 0.5766666671875 0.43 0.615 0.47083333281249995 0.615 0.47083333281249995 0.5766666671875
1 0.7150000000000001 0.5766666671875 0.6475 0.5766666671875 0.6475 0.6266666671875 0.7150000000000001 0.6266666671875 0.7150000000000001 0.5766666671875
1 0.9141666671875001 0.585 0.8558333328125001 0.585 0.8558333328125001 0.6183333328125 0.9141666671875001 0.6183333328125 0.9141666671875001 0.585
1 0.7541666671875 0.6266666671875 0.7025 0.6266666671875 0.7025 0.6666666671875 0.7541666671875 0.6666666671875 0.7541666671875 0.6266666671875
1 0.6708333328125 0.64 0.6158333328125 0.64 0.6158333328125 0.6708333328125 0.6708333328125 0.6708333328125 0.6708333328125 0.64
1 0.5991666671875 0.6908333328125 0.5291666671875 0.6908333328125 0.5291666671875 0.7283333328125 0.5991666671875 0.7283333328125 0.5991666671875 0.6908333328125
1 0.5841666671875 0.7408333328125 0.5375 0.7408333328125 0.5375 0.755 0.5841666671875 0.755 0.5841666671875 0.7408333328125
1 0.475 0.6358333328125 0.4325 0.6358333328125 0.4325 0.6608333328125 0.475 0.6608333328125 0.475 0.6358333328125
1 0.4325 0.6758333328125 0.3966666671875 0.6758333328125 0.3966666671875 0.705 0.4325 0.705 0.4325 0.6758333328125
1 0.36666666718749996 0.635 0.3225 0.635 0.3225 0.7150000000000001 0.36666666718749996 0.7150000000000001 0.36666666718749996 0.635
1 0.31916666718750003 0.5725 0.2625 0.5725 0.2625 0.6316666671875 0.31916666718750003 0.6316666671875 0.31916666718750003 0.5725
1 0.4516666671875 0.7341666671875 0.4033333328125 0.7341666671875 0.4033333328125 0.7591666671875 0.4516666671875 0.7591666671875 0.4516666671875 0.7341666671875
1 0.48666666718749996 0.6950000000000001 0.4325 0.6950000000000001 0.4325 0.7383333328125 0.48666666718749996 0.7383333328125 0.48666666718749996 0.6950000000000001
1 0.5358333328125 0.8025 0.4591666671875 0.8025 0.4591666671875 0.8458333328125001 0.5358333328125 0.8458333328125001 0.5358333328125 0.8025
1 0.5333333328125 0.8416666671874999 0.495 0.8416666671874999 0.495 0.8783333328125 0.5333333328125 0.8783333328125 0.5333333328125 0.8416666671874999
1 0.5825 0.8316666671874999 0.5349999999999999 0.8316666671874999 0.5349999999999999 0.8825 0.5825 0.8825 0.5825 0.8316666671874999
1 0.445 0.8866666671875001 0.39249999999999996 0.8866666671875001 0.39249999999999996 0.9625 0.445 0.9625 0.445 0.8866666671875001