1 0.4203125 0.1546875 0.3546875 0.1546875 0.3546875 0.2578125 0.4203125 0.2578125 0.4203125 0.1546875
1 0.3328125 0.26875 0.2546875 0.26875 0.2546875 0.3265625 0.3328125 0.3265625 0.3328125 0.26875
1 0.2453125 0.2765625 0.15625 0.2765625 0.15625 0.3453125 0.2453125 0.3453125 0.2453125 0.2765625
1 0.10625 0.3453125 0.025 0.3453125 0.025 0.3984375 0.10625 0.3984375 0.10625 0.3453125
1 0.2390625 0.346875 0.159375 0.346875 0.159375 0.4328125 0.2390625 0.4328125 0.2390625 0.346875
1 0.140625 0.4546875 0.0703125 0.4546875 0.0703125 0.5125 0.140625 0.5125 0.140625 0.4546875
1 0.2640625 0.459375 0.203125 0.459375 0.203125 0.525 0.2640625 0.525 0.2640625 0.459375
1 0.325 0.509375 0.25625 0.509375 0.25625 0.5765625 0.325 0.5765625 0.325 0.509375
1 0.35 0.4125 0.275 0.4125 0.275 0.453125 0.35 0.453125 0.35 0.4125
1 0.3703125 0.4609375 0.3234375 0.4609375 0.3234375 0.5046875 0.3703125 0.5046875 0.3703125 0.4609375
1 0.3265625 0.45 0.26875 0.45 0.26875 0.503125 0.3265625 0.503125 0.3265625 0.45
1 0.409375 0.5546875 0.3359375 0.5546875 0.3359375 0.6140625 0.409375 0.6140625 0.409375 0.5546875
1 0.4125 0.721875 0.346875 0.721875 0.346875 0.8015625 0.4125 0.8015625 0.4125 0.721875
1 0.8078125 0.4765625 0.7453125 0.4765625 0.7453125 0.5546875 0.8078125 0.5546875 0.8078125 0.4765625
1 0.7875 0.559375 0.7125 0.559375 0.7125 0.6171875 0.7875 0.6171875 0.7875 0.559375
1 0.7171875 0.559375 0.6453125 0.559375 0.6453125 0.6359375 0.7171875 0.6359375 0.7171875 0.559375
1 0.65 0.56875 0.5875 0.56875 0.5875 0.634375 0.65 0.634375 0.65 0.56875
1 0.5875 0.571875 0.5203125 0.571875 0.5203125 0.6234375 0.5875 0.6234375 0.5875 0.571875
1 0.5421875 0.625 0.4671875 0.625 0.4671875 0.65625 0.5421875 0.65625 0.5421875 0.625
1 0.4796875 0.5515625 0.4265625 0.5515625 0.4265625 0.6140625 0.4796875 0.6140625 0.4796875 0.5515625
1 0.4890625 0.4984375 0.4375 0.4984375 0.4375 0.55 0.4890625 0.55 0.4890625 0.4984375
1 0.5171875 0.390625 0.4328125 0.390625 0.4328125 0.4671875 0.5171875 0.4671875 0.5171875 0.390625
1 0.5109375 0.4671875 0.4515625 0.4671875 0.4515625 0.50625 0.5109375 0.50625 0.5109375 0.4671875
1 0.6015625 0.4640625 0.54375 0.4640625 0.54375 0.5125 0.6015625 0.5125 0.6015625 0.4640625
1 0.559375 0.4875 0.5078125 0.4875 0.5078125 0.54375 0.559375 0.54375 0.559375 0.4875
1 0.3359375 0.340625 0.2671875 0.340625 0.2671875 0.3984375 0.3359375 0.3984375 0.3359375 0.340625