1 0.4234375 0.0328125 0.3453125 0.0328125 0.3453125 0.171875 0.4234375 0.171875 0.4234375 0.0328125
1 0.6171875 0.0953125 0.553125 0.0953125 0.553125 0.234375 0.6171875 0.234375 0.6171875 0.0953125
1 0.978125 0.3625 0.9078125 0.3625 0.9078125 0.5140625 0.978125 0.5140625 0.978125 0.3625
1 0.7390625 0.55625 0.66875 0.55625 0.66875 0.6765625 0.7390625 0.6765625 0.7390625 0.55625
1 0.5171875 0.5546875 0.465625 0.5546875 0.465625 0.675 0.5171875 0.675 0.5171875 0.5546875
1 0.5890625 0.6765625 0.515625 0.6765625 0.515625 0.8140625 0.5890625 0.8140625 0.5890625 0.6765625
1 0.7078125 0.8203125 0.625 0.8203125 0.625 0.9453125 0.7078125 0.9453125 0.7078125 0.8203125
1 0.8140625 0.8078125 0.7484375 0.8078125 0.7484375 0.9171875 0.8140625 0.9171875 0.8140625 0.8078125
1 0.121875 0.7671875 0.04375 0.7671875 0.04375 0.903125 0.121875 0.903125 0.121875 0.7671875
1 0.396875 0.8015625 0.3234375 0.8015625 0.3234375 0.890625 0.396875 0.890625 0.396875 0.8015625
1 0.3703125 0.6140625 0.309375 0.6140625 0.309375 0.7546875 0.3703125 0.7546875 0.3703125 0.6140625
1 0.25625 0.628125 0.1734375 0.628125 0.1734375 0.70625 0.25625 0.70625 0.25625 0.628125
1 0.29375 0.696875 0.2125 0.696875 0.2125 0.8203125 0.29375 0.8203125 0.29375 0.696875
1 0.2421875 0.3859375 0.1953125 0.3859375 0.1953125 0.5140625 0.2421875 0.5140625 0.2421875 0.3859375
1 0.6703125 0.3296875 0.61875 0.3296875 0.61875 0.453125 0.6703125 0.453125 0.6703125 0.3296875
1 0.703125 0.2375 0.65 0.2375 0.65 0.3453125 0.703125 0.3453125 0.703125 0.2375
1 0.7703125 0.2484375 0.7078125 0.2484375 0.7078125 0.35 0.7703125 0.35 0.7703125 0.2484375
1 0.7953125 0.3734375 0.74375 0.3734375 0.74375 0.5 0.7953125 0.5 0.7953125 0.3734375
1 0.45 0.6625 0.3796875 0.6625 0.3796875 0.80625 0.45 0.80625 0.45 0.6625