1 0.5484375 0.5375 0.521875 0.5375 0.521875 0.553125 0.5484375 0.553125 0.5484375 0.5375
1 0.546875 0.5609375 0.5109375 0.5609375 0.5109375 0.571875 0.546875 0.571875 0.546875 0.5609375
1 0.528125 0.5796875 0.5015625 0.5796875 0.5015625 0.5921875 0.528125 0.5921875 0.528125 0.5796875
1 0.471875 0.584375 0.440625 0.584375 0.440625 0.6015625 0.471875 0.6015625 0.471875 0.584375
1 0.4859375 0.5984375 0.45625 0.5984375 0.45625 0.615625 0.4859375 0.615625 0.4859375 0.5984375
1 0.5328125 0.609375 0.4984375 0.609375 0.4984375 0.621875 0.5328125 0.621875 0.5328125 0.609375
1 0.5765625 0.596875 0.5453125 0.596875 0.5453125 0.6125 0.5765625 0.6125 0.5765625 0.596875
1 0.5984375 0.5546875 0.5765625 0.5546875 0.5765625 0.5703125 0.5984375 0.5703125 0.5984375 0.5546875
1 0.6484375 0.5625 0.6203125 0.5625 0.6203125 0.58125 0.6484375 0.58125 0.6484375 0.5625
1 0.665625 0.5765625 0.6359375 0.5765625 0.6359375 0.5953125 0.665625 0.5953125 0.665625 0.5765625
1 0.4546875 0.6125 0.4234375 0.6125 0.4234375 0.6296875 0.4546875 0.6296875 0.4546875 0.6125
1 0.465625 0.634375 0.4375 0.634375 0.4375 0.6484375 0.465625 0.6484375 0.465625 0.634375
1 0.4125 0.6140625 0.38125 0.6140625 0.38125 0.6296875 0.4125 0.6296875 0.4125 0.6140625
1 0.3921875 0.65625 0.36875 0.65625 0.36875 0.671875 0.3921875 0.671875 0.3921875 0.65625
1 0.4453125 0.675 0.4109375 0.675 0.4109375 0.690625 0.4453125 0.690625 0.4453125 0.675