1 0.2984375 0.1828125 0.271875 0.1828125 0.271875 0.2 0.2984375 0.2 0.2984375 0.1828125
1 0.3609375 0.1453125 0.3328125 0.1453125 0.3328125 0.1734375 0.3609375 0.1734375 0.3609375 0.1453125
1 0.4109375 0.1296875 0.375 0.1296875 0.375 0.153125 0.4109375 0.153125 0.4109375 0.1296875
1 0.4875 0.1203125 0.453125 0.1203125 0.453125 0.1453125 0.4875 0.1453125 0.4875 0.1203125
1 0.525 0.05625 0.4859375 0.05625 0.4859375 0.0765625 0.525 0.0765625 0.525 0.05625
1 0.4796875 0.040625 0.4421875 0.040625 0.4421875 0.0609375 0.4796875 0.0609375 0.4796875 0.040625
1 0.740625 0.01875 0.69375 0.01875 0.69375 0.046875 0.740625 0.046875 0.740625 0.01875
1 0.8 0.0578125 0.7609375 0.0578125 0.7609375 0.08125 0.8 0.08125 0.8 0.0578125
1 0.8203125 0.14375 0.759375 0.14375 0.759375 0.16875 0.8203125 0.16875 0.8203125 0.14375
1 0.90625 0.1765625 0.8546875 0.1765625 0.8546875 0.209375 0.90625 0.209375 0.90625 0.1765625
1 0.7640625 0.1859375 0.728125 0.1859375 0.728125 0.2078125 0.7640625 0.2078125 0.7640625 0.1859375
1 0.709375 0.2265625 0.6703125 0.2265625 0.6703125 0.259375 0.709375 0.259375 0.709375 0.2265625
1 0.63125 0.221875 0.596875 0.221875 0.596875 0.24375 0.63125 0.24375 0.63125 0.221875
1 0.6515625 0.26875 0.6078125 0.26875 0.6078125 0.284375 0.6515625 0.284375 0.6515625 0.26875
1 0.6546875 0.284375 0.6015625 0.284375 0.6015625 0.3046875 0.6546875 0.3046875 0.6546875 0.284375
1 0.7578125 0.28125 0.7265625 0.28125 0.7265625 0.3 0.7578125 0.3 0.7578125 0.28125
1 0.9140625 0.29375 0.8515625 0.29375 0.8515625 0.325 0.9140625 0.325 0.9140625 0.29375
1 0.7234375 0.31875 0.6828125 0.31875 0.6828125 0.3390625 0.7234375 0.3390625 0.7234375 0.31875
1 0.6171875 0.3234375 0.5859375 0.3234375 0.5859375 0.3453125 0.6171875 0.3453125 0.6171875 0.3234375
1 0.26875 0.0140625 0.2296875 0.0140625 0.2296875 0.03125 0.26875 0.03125 0.26875 0.0140625
1 0.1640625 0.0375 0.121875 0.0375 0.121875 0.059375 0.1640625 0.059375 0.1640625 0.0375
1 0.0796875 0.0484375 0.059375 0.0484375 0.059375 0.0671875 0.0796875 0.0671875 0.0796875 0.0484375
1 0.0375 0.0328125 0.00625 0.0328125 0.00625 0.0484375 0.0375 0.0484375 0.0375 0.0328125
1 0 0.06875 0.0234375 0.06875 0.0234375 0.0515625 0 0.0515625 0 0.06875
1 0.06875 0.0796875 0.04375 0.0796875 0.04375 0.0921875 0.06875 0.0921875 0.06875 0.0796875
1 0.1515625 0.065625 0.103125 0.065625 0.103125 0.0828125 0.1515625 0.0828125 0.1515625 0.065625
1 0.0828125 0.11875 0.0578125 0.11875 0.0578125 0.134375 0.0828125 0.134375 0.0828125 0.11875
1 0.140625 0.134375 0.09375 0.134375 0.09375 0.1515625 0.140625 0.1515625 0.140625 0.134375
1 0.05 0.140625 0.003125 0.140625 0.003125 0.1578125 0.05 0.1578125 0.05 0.140625
1 0 0.2328125 0.0171875 0.2328125 0.0171875 0.2109375 0 0.2109375 0 0.2328125
1 0.2203125 0.196875 0.1703125 0.196875 0.1703125 0.2296875 0.2203125 0.2296875 0.2203125 0.196875
1 0.2640625 0.209375 0.228125 0.209375 0.228125 0.2328125 0.2640625 0.2328125 0.2640625 0.209375
1 0.3375 0.2046875 0.3046875 0.2046875 0.3046875 0.225 0.3375 0.225 0.3375 0.2046875
1 0.39375 0.275 0.3703125 0.275 0.3703125 0.2953125 0.39375 0.2953125 0.39375 0.275
1 0.2984375 0.2625 0.2671875 0.2625 0.2671875 0.2828125 0.2984375 0.2828125 0.2984375 0.2625
1 0.271875 0.284375 0.23125 0.284375 0.23125 0.3046875 0.271875 0.3046875 0.271875 0.284375
1 0.1921875 0.29375 0.1578125 0.29375 0.1578125 0.3078125 0.1921875 0.3078125 0.1921875 0.29375
1 0.084375 0.3109375 0.05625 0.3109375 0.05625 0.33125 0.084375 0.33125 0.084375 0.3109375
1 0.0859375 0.4234375 0.0546875 0.4234375 0.0546875 0.4453125 0.0859375 0.4453125 0.0859375 0.4234375
1 0.196875 0.4015625 0.16875 0.4015625 0.16875 0.4203125 0.196875 0.4203125 0.196875 0.4015625
1 0.2015625 0.3546875 0.16875 0.3546875 0.16875 0.3703125 0.2015625 0.3703125 0.2015625 0.3546875
1 0.5078125 0.2765625 0.4765625 0.2765625 0.4765625 0.2890625 0.5078125 0.2890625 0.5078125 0.2765625
1 0.5203125 0.3125 0.4875 0.3125 0.4875 0.334375 0.5203125 0.334375 0.5203125 0.3125
1 0.459375 0.2984375 0.4328125 0.2984375 0.4328125 0.3140625 0.459375 0.3140625 0.459375 0.2984375
1 0.403125 0.3265625 0.3734375 0.3265625 0.3734375 0.3421875 0.403125 0.3421875 0.403125 0.3265625
1 0.3859375 0.303125 0.3421875 0.303125 0.3421875 0.3203125 0.3859375 0.3203125 0.3859375 0.303125
1 0.2734375 0.35 0.246875 0.35 0.246875 0.3640625 0.2734375 0.3640625 0.2734375 0.35
1 0.2703125 0.3640625 0.234375 0.3640625 0.234375 0.3796875 0.2703125 0.3796875 0.2703125 0.3640625
1 0.39375 0.35 0.36875 0.35 0.36875 0.3625 0.39375 0.3625 0.39375 0.35
1 0.2921875 0.4 0.265625 0.4 0.265625 0.41875 0.2921875 0.41875 0.2921875 0.4
1 0.3203125 0.41875 0.2921875 0.41875 0.2921875 0.4296875 0.3203125 0.4296875 0.3203125 0.41875
1 0.4453125 0.41875 0.4109375 0.41875 0.4109375 0.43125 0.4453125 0.43125 0.4453125 0.41875
1 0.5703125 0.3921875 0.53125 0.3921875 0.53125 0.40625 0.5703125 0.40625 0.5703125 0.3921875
1 0.6171875 0.4203125 0.590625 0.4203125 0.590625 0.434375 0.6171875 0.434375 0.6171875 0.4203125
1 0.7109375 0.4375 0.6828125 0.4375 0.6828125 0.4515625 0.7109375 0.4515625 0.7109375 0.4375
1 0.95625 0.3890625 0.9171875 0.3890625 0.9171875 0.4046875 0.95625 0.4046875 0.95625 0.3890625
1 1 0.3765625 0.971875 0.3765625 0.971875 0.4 1 0.4 1 0.3765625
1 0.925 0.48125 0.8921875 0.48125 0.8921875 0.496875 0.925 0.496875 0.925 0.48125
1 0.828125 0.5078125 0.7921875 0.5078125 0.7921875 0.528125 0.828125 0.528125 0.828125 0.5078125
1 0.9015625 0.6375 0.871875 0.6375 0.871875 0.6578125 0.9015625 0.6578125 0.9015625 0.6375
1 0.88125 0.665625 0.8484375 0.665625 0.8484375 0.6859375 0.88125 0.6859375 0.88125 0.665625
1 0.7359375 0.5875 0.7 0.5875 0.7 0.6078125 0.7359375 0.6078125 0.7359375 0.5875
1 0.7453125 0.6328125 0.715625 0.6328125 0.715625 0.6515625 0.7453125 0.6515625 0.7453125 0.6328125
1 0.6609375 0.55 0.6109375 0.55 0.6109375 0.56875 0.6609375 0.56875 0.6609375 0.55
1 0.59375 0.509375 0.5671875 0.509375 0.5671875 0.528125 0.59375 0.528125 0.59375 0.509375
1 0.6 0.4671875 0.571875 0.4671875 0.571875 0.4859375 0.6 0.4859375 0.6 0.4671875
1 0.540625 0.5078125 0.490625 0.5078125 0.490625 0.53125 0.540625 0.53125 0.540625 0.5078125
1 0.509375 0.5734375 0.4703125 0.5734375 0.4703125 0.5859375 0.509375 0.5859375 0.509375 0.5734375
1 0.4484375 0.55625 0.4234375 0.55625 0.4234375 0.5734375 0.4484375 0.5734375 0.4484375 0.55625
1 0.3078125 0.5578125 0.275 0.5578125 0.275 0.5765625 0.3078125 0.5765625 0.3078125 0.5578125
1 0.4234375 0.4796875 0.39375 0.4796875 0.39375 0.496875 0.4234375 0.496875 0.4234375 0.4796875
1 0.4609375 0.4875 0.4359375 0.4875 0.4359375 0.503125 0.4609375 0.503125 0.4609375 0.4875
1 0.3828125 0.4421875 0.353125 0.4421875 0.353125 0.4625 0.3828125 0.4625 0.3828125 0.4421875
1 0.2484375 0.4390625 0.221875 0.4390625 0.221875 0.45 0.2484375 0.45 0.2484375 0.4390625
1 0.284375 0.45625 0.2421875 0.45625 0.2421875 0.46875 0.284375 0.46875 0.284375 0.45625
1 0.115625 0.5109375 0.0859375 0.5109375 0.0859375 0.528125 0.115625 0.528125 0.115625 0.5109375
1 0.2328125 0.571875 0.196875 0.571875 0.196875 0.5890625 0.2328125 0.5890625 0.2328125 0.571875
1 0.078125 0.58125 0.0265625 0.58125 0.0265625 0.596875 0.078125 0.596875 0.078125 0.58125
1 0.209375 0.6140625 0.1640625 0.6140625 0.1640625 0.63125 0.209375 0.63125 0.209375 0.6140625
1 0.6296875 0.63125 0.59375 0.63125 0.59375 0.646875 0.6296875 0.646875 0.6296875 0.63125
1 0.6921875 0.634375 0.6578125 0.634375 0.6578125 0.6546875 0.6921875 0.6546875 0.6921875 0.634375
1 0.6515625 0.646875 0.60625 0.646875 0.60625 0.6625 0.6515625 0.6625 0.6515625 0.646875
1 0.353125 0.65625 0.309375 0.65625 0.309375 0.6828125 0.353125 0.6828125 0.353125 0.65625
1 0.371875 0.6828125 0.3328125 0.6828125 0.3328125 0.6984375 0.371875 0.6984375 0.371875 0.6828125
1 0.284375 0.7109375 0.246875 0.7109375 0.246875 0.7265625 0.284375 0.7265625 0.284375 0.7109375
1 0.3421875 0.7203125 0.2953125 0.7203125 0.2953125 0.734375 0.3421875 0.734375 0.3421875 0.7203125
1 0.446875 0.7703125 0.378125 0.7703125 0.378125 0.8 0.446875 0.8 0.446875 0.7703125
1 0.5671875 0.7390625 0.5125 0.7390625 0.5125 0.7640625 0.5671875 0.7640625 0.5671875 0.7390625
1 0.8875 0.709375 0.859375 0.709375 0.859375 0.7265625 0.8875 0.7265625 0.8875 0.709375
1 0.91875 0.7171875 0.8796875 0.7171875 0.8796875 0.734375 0.91875 0.734375 0.91875 0.7171875
1 0.9015625 0.7765625 0.8609375 0.7765625 0.8609375 0.7890625 0.9015625 0.7890625 0.9015625 0.7765625
1 0.821875 0.7796875 0.7875 0.7796875 0.7875 0.7921875 0.821875 0.7921875 0.821875 0.7796875
1 0.7734375 0.790625 0.7296875 0.790625 0.7296875 0.8140625 0.7734375 0.8140625 0.7734375 0.790625
1 0.8828125 0.7859375 0.8484375 0.7859375 0.8484375 0.8015625 0.8828125 0.8015625 0.8828125 0.7859375
1 0.9515625 0.803125 0.909375 0.803125 0.909375 0.821875 0.9515625 0.821875 0.9515625 0.803125
1 0.971875 0.8328125 0.903125 0.8328125 0.903125 0.8609375 0.971875 0.8609375 0.971875 0.8328125
1 0.1140625 0.65625 0.0859375 0.65625 0.0859375 0.6703125 0.1140625 0.6703125 0.1140625 0.65625
1 0.159375 0.665625 0.134375 0.665625 0.134375 0.675 0.159375 0.675 0.159375 0.665625
1 0.0640625 0.6578125 0.0390625 0.6578125 0.0390625 0.671875 0.0640625 0.671875 0.0640625 0.6578125
1 0.1671875 0.6765625 0.1390625 0.6765625 0.1390625 0.6875 0.1671875 0.6875 0.1671875 0.6765625
1 0.2921875 0.7671875 0.2734375 0.7671875 0.2734375 0.78125 0.2921875 0.78125 0.2921875 0.7671875
1 0.375 0.8171875 0.3390625 0.8171875 0.3390625 0.8359375 0.375 0.8359375 0.375 0.8171875
1 0.55625 0.8421875 0.5234375 0.8421875 0.5234375 0.859375 0.55625 0.859375 0.55625 0.8421875
1 0.6703125 0.85 0.628125 0.85 0.628125 0.865625 0.6703125 0.865625 0.6703125 0.85
1 0.6796875 0.875 0.6484375 0.875 0.6484375 0.89375 0.6796875 0.89375 0.6796875 0.875
1 0.86875 0.896875 0.828125 0.896875 0.828125 0.9171875 0.86875 0.9171875 0.86875 0.896875
1 0.921875 0.8890625 0.8890625 0.8890625 0.8890625 0.90625 0.921875 0.90625 0.921875 0.8890625
1 0.8984375 0.95 0.8484375 0.95 0.8484375 0.971875 0.8984375 0.971875 0.8984375 0.95
1 1 0.871875 0.978125 0.871875 0.978125 0.89375 1 0.89375 1 0.871875