1 0.0328125 0.6359375 0.0046875 0.6359375 0.0046875 0.671875 0.0328125 0.671875 0.0328125 0.6359375
1 0.059375 0.6359375 0.0390625 0.6359375 0.0390625 0.6625 0.059375 0.6625 0.059375 0.6359375
1 0.109375 0.6234375 0.0734375 0.6234375 0.0734375 0.659375 0.109375 0.659375 0.109375 0.6234375
1 0.1390625 0.5984375 0.11875 0.5984375 0.11875 0.6296875 0.1390625 0.6296875 0.1390625 0.5984375
1 0.16875 0.5953125 0.1453125 0.5953125 0.1453125 0.621875 0.16875 0.621875 0.16875 0.5953125
1 0.23125 0.5890625 0.2015625 0.5890625 0.2015625 0.6109375 0.23125 0.6109375 0.23125 0.5890625
1 0.2328125 0.615625 0.2046875 0.615625 0.2046875 0.6296875 0.2328125 0.6296875 0.2328125 0.615625
1 0.278125 0.5671875 0.2421875 0.5671875 0.2421875 0.596875 0.278125 0.596875 0.278125 0.5671875
1 0.1875 0.5953125 0.1703125 0.5953125 0.1703125 0.609375 0.1875 0.609375 0.1875 0.5953125
1 0.1875 0.609375 0.1703125 0.609375 0.1703125 0.6265625 0.1875 0.6265625 0.1875 0.609375
1 0.2640625 0.625 0.2421875 0.625 0.2421875 0.640625 0.2640625 0.640625 0.2640625 0.625
1 0.284375 0.6078125 0.2625 0.6078125 0.2625 0.625 0.284375 0.625 0.284375 0.6078125
1 0.321875 0.5640625 0.29375 0.5640625 0.29375 0.5828125 0.321875 0.5828125 0.321875 0.5640625
1 0.3484375 0.565625 0.325 0.565625 0.325 0.584375 0.3484375 0.584375 0.3484375 0.565625
1 0.3140625 0.5875 0.2921875 0.5875 0.2921875 0.5984375 0.3140625 0.5984375 0.3140625 0.5875
1 0.35 0.621875 0.328125 0.621875 0.328125 0.6375 0.35 0.6375 0.35 0.621875
1 0.296875 0.65625 0.28125 0.65625 0.28125 0.675 0.296875 0.675 0.296875 0.65625
1 0.2640625 0.675 0.240625 0.675 0.240625 0.6953125 0.2640625 0.6953125 0.2640625 0.675
1 0.184375 0.7078125 0.159375 0.7078125 0.159375 0.73125 0.184375 0.73125 0.184375 0.7078125
1 0.45 0.528125 0.409375 0.528125 0.409375 0.55625 0.45 0.55625 0.45 0.528125
1 0.4296875 0.5671875 0.40625 0.5671875 0.40625 0.5828125 0.4296875 0.5828125 0.4296875 0.5671875
1 0.4125 0.5859375 0.390625 0.5859375 0.390625 0.6015625 0.4125 0.6015625 0.4125 0.5859375
1 0.4765625 0.584375 0.4546875 0.584375 0.4546875 0.6078125 0.4765625 0.6078125 0.4765625 0.584375
1 0.459375 0.6171875 0.440625 0.6171875 0.440625 0.6375 0.459375 0.6375 0.459375 0.6171875
1 0.6109375 0.5859375 0.5890625 0.5859375 0.5890625 0.6046875 0.6109375 0.6046875 0.6109375 0.5859375
1 0.53125 0.5625 0.5109375 0.5625 0.5109375 0.578125 0.53125 0.578125 0.53125 0.5625
1 0.528125 0.5765625 0.4984375 0.5765625 0.4984375 0.5953125 0.528125 0.5953125 0.528125 0.5765625
1 0.55 0.603125 0.528125 0.603125 0.528125 0.6203125 0.55 0.6203125 0.55 0.603125
1 0.55 0.646875 0.534375 0.646875 0.534375 0.665625 0.55 0.665625 0.55 0.646875
1 0.5828125 0.6453125 0.5609375 0.6453125 0.5609375 0.6640625 0.5828125 0.6640625 0.5828125 0.6453125
1 0.5953125 0.6359375 0.58125 0.6359375 0.58125 0.65 0.5953125 0.65 0.5953125 0.6359375
1 0.6375 0.609375 0.6171875 0.609375 0.6171875 0.6296875 0.6375 0.6296875 0.6375 0.609375
1 0.65625 0.56875 0.6390625 0.56875 0.6390625 0.5859375 0.65625 0.5859375 0.65625 0.56875
1 0.6578125 0.6484375 0.6375 0.6484375 0.6375 0.665625 0.6578125 0.665625 0.6578125 0.6484375
1 0.6546875 0.715625 0.634375 0.715625 0.634375 0.734375 0.6546875 0.734375 0.6546875 0.715625
1 0.6015625 0.728125 0.58125 0.728125 0.58125 0.74375 0.6015625 0.74375 0.6015625 0.728125
1 0.5 0.7140625 0.4828125 0.7140625 0.4828125 0.73125 0.5 0.73125 0.5 0.7140625
1 0.5203125 0.728125 0.5046875 0.728125 0.5046875 0.74375 0.5203125 0.74375 0.5203125 0.728125
1 0.45625 0.70625 0.4328125 0.70625 0.4328125 0.7296875 0.45625 0.7296875 0.45625 0.70625
1 0.390625 0.7 0.365625 0.7 0.365625 0.7203125 0.390625 0.7203125 0.390625 0.7
1 0.3875 0.6421875 0.371875 0.6421875 0.371875 0.6671875 0.3875 0.6671875 0.3875 0.6421875
1 0.415625 0.6171875 0.384375 0.6171875 0.384375 0.6421875 0.415625 0.6421875 0.415625 0.6171875
1 0.3109375 0.734375 0.2875 0.734375 0.2875 0.759375 0.3109375 0.759375 0.3109375 0.734375
1 0.4390625 0.765625 0.409375 0.765625 0.409375 0.7890625 0.4390625 0.7890625 0.4390625 0.765625
1 0.5328125 0.80625 0.5140625 0.80625 0.5140625 0.8296875 0.5328125 0.8296875 0.5328125 0.80625
1 0.059375 0.6828125 0.03125 0.6828125 0.03125 0.70625 0.059375 0.70625 0.059375 0.6828125
1 0.0359375 0.803125 0.0125 0.803125 0.0125 0.834375 0.0359375 0.834375 0.0359375 0.803125
1 0.63125 0.540625 0.60625 0.540625 0.60625 0.5671875 0.63125 0.5671875 0.63125 0.540625
1 0.8 0.58125 0.7671875 0.58125 0.7671875 0.6046875 0.8 0.6046875 0.8 0.58125
1 0.7203125 0.609375 0.6890625 0.609375 0.6890625 0.6375 0.7203125 0.6375 0.7203125 0.609375
1 0.765625 0.615625 0.740625 0.615625 0.740625 0.6421875 0.765625 0.6421875 0.765625 0.615625
1 0.734375 0.528125 0.7078125 0.528125 0.7078125 0.5515625 0.734375 0.5515625 0.734375 0.528125
1 0.8984375 0.571875 0.875 0.571875 0.875 0.5984375 0.8984375 0.5984375 0.8984375 0.571875
1 0.8640625 0.6484375 0.840625 0.6484375 0.840625 0.665625 0.8640625 0.665625 0.8640625 0.6484375
1 0.934375 0.6140625 0.909375 0.6140625 0.909375 0.6390625 0.934375 0.6390625 0.934375 0.6140625
1 0.8609375 0.671875 0.8265625 0.671875 0.8265625 0.6953125 0.8609375 0.6953125 0.8609375 0.671875
1 0.80625 0.51875 0.7875 0.51875 0.7875 0.5359375 0.80625 0.5359375 0.80625 0.51875