1 0.5234375 0.0359375 0.4015625 0.0359375 0.4015625 0.11875 0.5234375 0.11875 0.5234375 0.0359375
1 0.6265625 0.071875 0.5203125 0.071875 0.5203125 0.14375 0.6265625 0.14375 0.6265625 0.071875
1 0.9828125 0.2265625 0.8953125 0.2265625 0.8953125 0.29375 0.9828125 0.29375 0.9828125 0.2265625
1 0.7234375 0.178125 0.6171875 0.178125 0.6171875 0.2265625 0.7234375 0.2265625 0.7234375 0.178125
1 0.8296875 0.2390625 0.74375 0.2390625 0.74375 0.30625 0.8296875 0.30625 0.8296875 0.2390625
1 0.8359375 0.3234375 0.734375 0.3234375 0.734375 0.3734375 0.8359375 0.3734375 0.8359375 0.3234375
1 0.746875 0.278125 0.6734375 0.278125 0.6734375 0.328125 0.746875 0.328125 0.746875 0.278125
1 0.659375 0.3921875 0.5734375 0.3921875 0.5734375 0.4796875 0.659375 0.4796875 0.659375 0.3921875
1 0.5 0.1671875 0.3890625 0.1671875 0.3890625 0.25625 0.5 0.25625 0.5 0.1671875
1 0.2390625 0.2578125 0.1359375 0.2578125 0.1359375 0.3140625 0.2390625 0.3140625 0.2390625 0.2578125
1 0 0.31875 0.0859375 0.31875 0.0859375 0.25 0 0.25 0 0.31875
1 0.18125 0.34375 0.071875 0.34375 0.071875 0.421875 0.18125 0.421875 0.18125 0.34375
1 0.33125 0.309375 0.2515625 0.309375 0.2515625 0.36875 0.33125 0.36875 0.33125 0.309375
1 0.2828125 0.434375 0.1890625 0.434375 0.1890625 0.490625 0.2828125 0.490625 0.2828125 0.434375
1 0.4578125 0.475 0.371875 0.475 0.371875 0.525 0.4578125 0.525 0.4578125 0.475
1 0.496875 0.4078125 0.409375 0.4078125 0.409375 0.4859375 0.496875 0.4859375 0.496875 0.4078125
1 0.5140625 0.253125 0.415625 0.253125 0.415625 0.315625 0.5140625 0.315625 0.5140625 0.253125
1 0.36875 0.3640625 0.259375 0.3640625 0.259375 0.4109375 0.36875 0.4109375 0.36875 0.3640625
1 0.5421875 0.3234375 0.4515625 0.3234375 0.4515625 0.3625 0.5421875 0.3625 0.5421875 0.3234375
1 0.6546875 0.2984375 0.571875 0.2984375 0.571875 0.35 0.6546875 0.35 0.6546875 0.2984375
1 0.5765625 0.2921875 0.528125 0.2921875 0.528125 0.34375 0.5765625 0.34375 0.5765625 0.2921875
1 0.825 0.1 0.7484375 0.1 0.7484375 0.165625 0.825 0.165625 0.825 0.1
1 0.9 0.125 0.8203125 0.125 0.8203125 0.184375 0.9 0.184375 0.9 0.125