1 0.3234375 0.25625 0.29375 0.25625 0.29375 0.3109375 0.3234375 0.3109375 0.3234375 0.25625
1 0.2390625 0.3140625 0.2140625 0.3140625 0.2140625 0.3578125 0.2390625 0.3578125 0.2390625 0.3140625
1 0.1484375 0.4 0.1234375 0.4 0.1234375 0.4421875 0.1484375 0.4421875 0.1484375 0.4
1 0.184375 0.4515625 0.159375 0.4515625 0.159375 0.496875 0.184375 0.496875 0.184375 0.4515625
1 0.1875 0.496875 0.1625 0.496875 0.1625 0.5328125 0.1875 0.5328125 0.1875 0.496875
1 0.215625 0.5015625 0.190625 0.5015625 0.190625 0.54375 0.215625 0.54375 0.215625 0.5015625
1 0.225 0.5796875 0.2 0.5796875 0.2 0.63125 0.225 0.63125 0.225 0.5796875
1 0.384375 0.3203125 0.3609375 0.3203125 0.3609375 0.3640625 0.384375 0.3640625 0.384375 0.3203125
1 0.3515625 0.3640625 0.3234375 0.3640625 0.3234375 0.4 0.3515625 0.4 0.3515625 0.3640625
1 0.2546875 0.4109375 0.23125 0.4109375 0.23125 0.45625 0.2546875 0.45625 0.2546875 0.4109375
1 0.28125 0.421875 0.25625 0.421875 0.25625 0.4625 0.28125 0.4625 0.28125 0.421875
1 0.2953125 0.4625 0.2640625 0.4625 0.2640625 0.5 0.2953125 0.5 0.2953125 0.4625
1 0.2609375 0.4984375 0.234375 0.4984375 0.234375 0.53125 0.2609375 0.53125 0.2609375 0.4984375
1 0.2796875 0.5296875 0.25625 0.5296875 0.25625 0.56875 0.2796875 0.56875 0.2796875 0.5296875
1 0.3078125 0.5390625 0.2875 0.5390625 0.2875 0.59375 0.3078125 0.59375 0.3078125 0.5390625
1 0.321875 0.4296875 0.303125 0.4296875 0.303125 0.4765625 0.321875 0.4765625 0.321875 0.4296875
1 0.371875 0.425 0.3453125 0.425 0.3453125 0.45625 0.371875 0.45625 0.371875 0.425
1 0.375 0.3890625 0.353125 0.3890625 0.353125 0.4296875 0.375 0.4296875 0.375 0.3890625
1 0.3984375 0.365625 0.3734375 0.365625 0.3734375 0.4078125 0.3984375 0.4078125 0.3984375 0.365625
1 0.5 0.38125 0.48125 0.38125 0.48125 0.4234375 0.5 0.4234375 0.5 0.38125
1 0.5265625 0.4421875 0.5 0.4421875 0.5 0.49375 0.5265625 0.49375 0.5265625 0.4421875
1 0.4890625 0.4359375 0.4671875 0.4359375 0.4671875 0.471875 0.4890625 0.471875 0.4890625 0.4359375
1 0.45625 0.434375 0.43125 0.434375 0.43125 0.471875 0.45625 0.471875 0.45625 0.434375
1 0.41875 0.434375 0.39375 0.434375 0.39375 0.4796875 0.41875 0.4796875 0.41875 0.434375
1 0.3546875 0.553125 0.3328125 0.553125 0.3328125 0.6015625 0.3546875 0.6015625 0.3546875 0.553125
1 0.290625 0.6078125 0.26875 0.6078125 0.26875 0.6515625 0.290625 0.6515625 0.290625 0.6078125
1 0.3109375 0.6296875 0.2875 0.6296875 0.2875 0.671875 0.3109375 0.671875 0.3109375 0.6296875
1 0.2984375 0.6671875 0.278125 0.6671875 0.278125 0.6984375 0.2984375 0.6984375 0.2984375 0.6671875
1 0.371875 0.6296875 0.35 0.6296875 0.35 0.6765625 0.371875 0.6765625 0.371875 0.6296875
1 0.2765625 0.728125 0.2515625 0.728125 0.2515625 0.7765625 0.2765625 0.7765625 0.2765625 0.728125
1 0.33125 0.7296875 0.3046875 0.7296875 0.3046875 0.78125 0.33125 0.78125 0.33125 0.7296875
1 0.259375 0.8046875 0.2375 0.8046875 0.2375 0.8359375 0.259375 0.8359375 0.259375 0.8046875
1 0.340625 0.8375 0.3171875 0.8375 0.3171875 0.8765625 0.340625 0.8765625 0.340625 0.8375
1 0.3546875 0.809375 0.3375 0.809375 0.3375 0.84375 0.3546875 0.84375 0.3546875 0.809375
1 0.4015625 0.8640625 0.38125 0.8640625 0.38125 0.896875 0.4015625 0.896875 0.4015625 0.8640625
1 0.521875 0.7859375 0.49375 0.7859375 0.49375 0.8203125 0.521875 0.8203125 0.521875 0.7859375
1 0.4 0.753125 0.3828125 0.753125 0.3828125 0.7890625 0.4 0.7890625 0.4 0.753125
1 0.4203125 0.75 0.403125 0.75 0.403125 0.7875 0.4203125 0.7875 0.4203125 0.75
1 0.4453125 0.565625 0.421875 0.565625 0.421875 0.60625 0.4453125 0.60625 0.4453125 0.565625
1 0.36875 0.525 0.353125 0.525 0.353125 0.5609375 0.36875 0.5609375 0.36875 0.525
1 0.3859375 0.5375 0.36875 0.5375 0.36875 0.5703125 0.3859375 0.5703125 0.3859375 0.5375
1 0.4640625 0.478125 0.446875 0.478125 0.446875 0.509375 0.4640625 0.509375 0.4640625 0.478125
1 0.5796875 0.5390625 0.559375 0.5390625 0.559375 0.5796875 0.5796875 0.5796875 0.5796875 0.5390625
1 0.5671875 0.509375 0.5484375 0.509375 0.5484375 0.540625 0.5671875 0.540625 0.5671875 0.509375
1 0.4921875 0.5734375 0.4765625 0.5734375 0.4765625 0.6015625 0.4921875 0.6015625 0.4921875 0.5734375
1 0.5484375 0.6125 0.5328125 0.6125 0.5328125 0.6375 0.5484375 0.6375 0.5484375 0.6125
1 0.575 0.5859375 0.55625 0.5859375 0.55625 0.625 0.575 0.625 0.575 0.5859375
1 0.53125 0.525 0.5140625 0.525 0.5140625 0.553125 0.53125 0.553125 0.53125 0.525
1 0.5109375 0.546875 0.4953125 0.546875 0.4953125 0.571875 0.5109375 0.571875 0.5109375 0.546875
1 0.4984375 0.528125 0.484375 0.528125 0.484375 0.5515625 0.4984375 0.5515625 0.4984375 0.528125
1 0.515625 0.5078125 0.5046875 0.5078125 0.5046875 0.54375 0.515625 0.54375 0.515625 0.5078125
1 0.5046875 0.5171875 0.4953125 0.5171875 0.4953125 0.54375 0.5046875 0.54375 0.5046875 0.5171875
1 0.421875 0.49375 0.4046875 0.49375 0.4046875 0.53125 0.421875 0.53125 0.421875 0.49375
1 0.4 0.4765625 0.3796875 0.4765625 0.3796875 0.5125 0.4 0.5125 0.4 0.4765625
1 0.4078125 0.5171875 0.3953125 0.5171875 0.3953125 0.540625 0.4078125 0.540625 0.4078125 0.5171875
1 0.4 0.5046875 0.384375 0.5046875 0.384375 0.5171875 0.4 0.5171875 0.4 0.5046875
1 0.4578125 0.75 0.4421875 0.75 0.4421875 0.7765625 0.4578125 0.7765625 0.4578125 0.75
1 0.4359375 0.68125 0.4171875 0.68125 0.4171875 0.709375 0.4359375 0.709375 0.4359375 0.68125
1 0.503125 0.7015625 0.4875 0.7015625 0.4875 0.7296875 0.503125 0.7296875 0.503125 0.7015625
1 0.475 0.7078125 0.459375 0.7078125 0.459375 0.734375 0.475 0.734375 0.475 0.7078125
1 0.440625 0.7140625 0.4203125 0.7140625 0.4203125 0.74375 0.440625 0.74375 0.440625 0.7140625
1 0.4421875 0.7421875 0.4265625 0.7421875 0.4265625 0.7703125 0.4421875 0.7703125 0.4421875 0.7421875
1 0.5609375 0.7203125 0.5453125 0.7203125 0.5453125 0.74375 0.5609375 0.74375 0.5609375 0.7203125
1 0.5125 0.6109375 0.496875 0.6109375 0.496875 0.6421875 0.5125 0.6421875 0.5125 0.6109375
1 0.5046875 0.6359375 0.4890625 0.6359375 0.4890625 0.65625 0.5046875 0.65625 0.5046875 0.6359375
1 0.46875 0.6140625 0.45625 0.6140625 0.45625 0.6359375 0.46875 0.6359375 0.46875 0.6140625
1 0.471875 0.6359375 0.4484375 0.6359375 0.4484375 0.6671875 0.471875 0.6671875 0.471875 0.6359375
1 0.58125 0.675 0.56875 0.675 0.56875 0.709375 0.58125 0.709375 0.58125 0.675
1 0.5703125 0.6921875 0.5546875 0.6921875 0.5546875 0.721875 0.5703125 0.721875 0.5703125 0.6921875
1 0.515625 0.6609375 0.5 0.6609375 0.5 0.690625 0.515625 0.690625 0.515625 0.6609375
1 0.5265625 0.68125 0.5109375 0.68125 0.5109375 0.7015625 0.5265625 0.7015625 0.5265625 0.68125