1 0.2375 0.3921875 0.2140625 0.3921875 0.2140625 0.4296875 0.2375 0.4296875 0.2375 0.3921875
1 0.25625 0.49375 0.2390625 0.49375 0.2390625 0.5359375 0.25625 0.5359375 0.25625 0.49375
1 0.290625 0.4046875 0.265625 0.4046875 0.265625 0.4453125 0.290625 0.4453125 0.290625 0.4046875
1 0.3484375 0.3734375 0.3203125 0.3734375 0.3203125 0.421875 0.3484375 0.421875 0.3484375 0.3734375
1 0.33125 0.3359375 0.3078125 0.3359375 0.3078125 0.3734375 0.33125 0.3734375 0.33125 0.3359375
1 0.3296875 0.259375 0.303125 0.259375 0.303125 0.3078125 0.3296875 0.3078125 0.3296875 0.259375
1 0.4296875 0.346875 0.403125 0.346875 0.403125 0.3953125 0.4296875 0.3953125 0.4296875 0.346875
1 0.44375 0.4265625 0.41875 0.4265625 0.41875 0.4625 0.44375 0.4625 0.44375 0.4265625
1 0.5234375 0.39375 0.496875 0.39375 0.496875 0.4484375 0.5234375 0.4484375 0.5234375 0.39375
1 0.5734375 0.3578125 0.5484375 0.3578125 0.5484375 0.3953125 0.5734375 0.3953125 0.5734375 0.3578125
1 0.5140625 0.259375 0.4875 0.259375 0.4875 0.3 0.5140625 0.3 0.5140625 0.259375
1 0.5390625 0.24375 0.51875 0.24375 0.51875 0.2875 0.5390625 0.2875 0.5390625 0.24375
1 0.5765625 0.2015625 0.553125 0.2015625 0.553125 0.253125 0.5765625 0.253125 0.5765625 0.2015625
1 0.609375 0.1921875 0.584375 0.1921875 0.584375 0.2296875 0.609375 0.2296875 0.609375 0.1921875
1 0.6328125 0.1859375 0.609375 0.1859375 0.609375 0.228125 0.6328125 0.228125 0.6328125 0.1859375
1 0.709375 0.16875 0.68125 0.16875 0.68125 0.203125 0.709375 0.203125 0.709375 0.16875
1 0.7375 0.2046875 0.7109375 0.2046875 0.7109375 0.246875 0.7375 0.246875 0.7375 0.2046875
1 0.8171875 0.1828125 0.79375 0.1828125 0.79375 0.2390625 0.8171875 0.2390625 0.8171875 0.1828125
1 0.83125 0.2484375 0.8046875 0.2484375 0.8046875 0.3015625 0.83125 0.3015625 0.83125 0.2484375
1 0.7765625 0.271875 0.74375 0.271875 0.74375 0.31875 0.7765625 0.31875 0.7765625 0.271875
1 0.834375 0.471875 0.80625 0.471875 0.80625 0.515625 0.834375 0.515625 0.834375 0.471875
1 0.646875 0.303125 0.625 0.303125 0.625 0.3421875 0.646875 0.3421875 0.646875 0.303125
1 0.6765625 0.3015625 0.653125 0.3015625 0.653125 0.353125 0.6765625 0.353125 0.6765625 0.3015625
1 0.7078125 0.3234375 0.6875 0.3234375 0.6875 0.3578125 0.7078125 0.3578125 0.7078125 0.3234375
1 0.7296875 0.353125 0.70625 0.353125 0.70625 0.3953125 0.7296875 0.3953125 0.7296875 0.353125
1 0.7078125 0.35625 0.6828125 0.35625 0.6828125 0.390625 0.7078125 0.390625 0.7078125 0.35625
1 0.7046875 0.4578125 0.6765625 0.4578125 0.6765625 0.4953125 0.7046875 0.4953125 0.7046875 0.4578125
1 0.728125 0.4890625 0.7046875 0.4890625 0.7046875 0.525 0.728125 0.525 0.728125 0.4890625
1 0.74375 0.525 0.7203125 0.525 0.7203125 0.56875 0.74375 0.56875 0.74375 0.525
1 0.6765625 0.54375 0.65625 0.54375 0.65625 0.584375 0.6765625 0.584375 0.6765625 0.54375
1 0.65 0.571875 0.6234375 0.571875 0.6234375 0.6265625 0.65 0.6265625 0.65 0.571875
1 0.6359375 0.69375 0.609375 0.69375 0.609375 0.7359375 0.6359375 0.7359375 0.6359375 0.69375
1 0.425 0.7171875 0.4 0.7171875 0.4 0.7546875 0.425 0.7546875 0.425 0.7171875
1 0.4734375 0.5734375 0.4515625 0.5734375 0.4515625 0.6171875 0.4734375 0.6171875 0.4734375 0.5734375
1 0.4890625 0.5734375 0.4703125 0.5734375 0.4703125 0.615625 0.4890625 0.615625 0.4890625 0.5734375
1 0.5734375 0.6359375 0.546875 0.6359375 0.546875 0.675 0.5734375 0.675 0.5734375 0.6359375
1 0.590625 0.5859375 0.5609375 0.5859375 0.5609375 0.634375 0.590625 0.634375 0.590625 0.5859375
1 0.5734375 0.5328125 0.5484375 0.5328125 0.5484375 0.5765625 0.5734375 0.5765625 0.5734375 0.5328125
1 0.546875 0.5171875 0.525 0.5171875 0.525 0.553125 0.546875 0.553125 0.546875 0.5171875
1 0.5703125 0.4828125 0.546875 0.4828125 0.546875 0.521875 0.5703125 0.521875 0.5703125 0.4828125
1 0.509375 0.7359375 0.4890625 0.7359375 0.4890625 0.775 0.509375 0.775 0.509375 0.7359375
1 0.5546875 0.6953125 0.5359375 0.6953125 0.5359375 0.7328125 0.5546875 0.7328125 0.5546875 0.6953125
1 0.6015625 0.715625 0.578125 0.715625 0.578125 0.7546875 0.6015625 0.7546875 0.6015625 0.715625
1 0.5984375 0.675 0.5765625 0.675 0.5765625 0.70625 0.5984375 0.70625 0.5984375 0.675
1 0.5921875 0.8 0.5609375 0.8 0.5609375 0.85 0.5921875 0.85 0.5921875 0.8
1 0.6453125 0.921875 0.625 0.921875 0.625 0.953125 0.6453125 0.953125 0.6453125 0.921875
1 0.5234375 0.9171875 0.50625 0.9171875 0.50625 0.953125 0.5234375 0.953125 0.5234375 0.9171875
1 0.6578125 0.0125 0.63125 0.0125 0.63125 0.0734375 0.6578125 0.0734375 0.6578125 0.0125
1 0.4640625 0.365625 0.4484375 0.365625 0.4484375 0.4 0.4640625 0.4 0.4640625 0.365625
1 0.49375 0.346875 0.4734375 0.346875 0.4734375 0.4 0.49375 0.4 0.49375 0.346875
1 0.475 0.3546875 0.459375 0.3546875 0.459375 0.39375 0.475 0.39375 0.475 0.3546875