1 0.1953125 0.4421875 0.1578125 0.4421875 0.1578125 0.4984375 0.1953125 0.4984375 0.1953125 0.4421875
1 0.371875 0.240625 0.3171875 0.240625 0.3171875 0.2921875 0.371875 0.2921875 0.371875 0.240625
1 0.4421875 0.3625 0.390625 0.3625 0.390625 0.4171875 0.4421875 0.4171875 0.4421875 0.3625
1 0.5375 0.3328125 0.496875 0.3328125 0.496875 0.3796875 0.5375 0.3796875 0.5375 0.3328125
1 0.603125 0.3375 0.5671875 0.3375 0.5671875 0.3703125 0.603125 0.3703125 0.603125 0.3375
1 0.659375 0.3390625 0.615625 0.3390625 0.615625 0.3890625 0.659375 0.3890625 0.659375 0.3390625
1 0.61875 0.2875 0.584375 0.2875 0.584375 0.334375 0.61875 0.334375 0.61875 0.2875
1 0.78125 0.1765625 0.7453125 0.1765625 0.7453125 0.225 0.78125 0.225 0.78125 0.1765625
1 0.615625 0.2015625 0.55625 0.2015625 0.55625 0.2703125 0.615625 0.2703125 0.615625 0.2015625
1 0.5859375 0.159375 0.5546875 0.159375 0.5546875 0.2 0.5859375 0.2 0.5859375 0.159375
1 0.6484375 0.1328125 0.5890625 0.1328125 0.5890625 0.18125 0.6484375 0.18125 0.6484375 0.1328125