1 0.6 0.29375 0.5640625 0.29375 0.5640625 0.3484375 0.6 0.3484375 0.6 0.29375
1 0.809375 0.3625 0.778125 0.3625 0.778125 0.396875 0.809375 0.396875 0.809375 0.3625
1 0.4828125 0.2984375 0.45 0.2984375 0.45 0.346875 0.4828125 0.346875 0.4828125 0.2984375
1 0.4359375 0.328125 0.403125 0.328125 0.403125 0.3796875 0.4359375 0.3796875 0.4359375 0.328125
1 0.43125 0.4375 0.3953125 0.4375 0.3953125 0.475 0.43125 0.475 0.43125 0.4375
1 0.3890625 0.4828125 0.359375 0.4828125 0.359375 0.515625 0.3890625 0.515625 0.3890625 0.4828125
1 0.359375 0.496875 0.3265625 0.496875 0.3265625 0.53125 0.359375 0.53125 0.359375 0.496875
1 0.4234375 0.515625 0.4 0.515625 0.4 0.55 0.4234375 0.55 0.4234375 0.515625
1 0.4 0.5375 0.371875 0.5375 0.371875 0.6 0.4 0.6 0.4 0.5375
1 0.3265625 0.61875 0.2765625 0.61875 0.2765625 0.66875 0.3265625 0.66875 0.3265625 0.61875
1 0.140625 0.63125 0.096875 0.63125 0.096875 0.684375 0.140625 0.684375 0.140625 0.63125