1 0.88125 0.175 0.8125 0.175 0.8125 0.30625 0.88125 0.30625 0.88125 0.175
1 0.5890625 0.1515625 0.53125 0.1515625 0.53125 0.2578125 0.5890625 0.2578125 0.5890625 0.1515625
1 0.4125 0.1859375 0.31875 0.1859375 0.31875 0.325 0.4125 0.325 0.4125 0.1859375
1 0.0953125 0.109375 0.0140625 0.109375 0.0140625 0.2421875 0.0953125 0.2421875 0.0953125 0.109375
1 0.1953125 0.2171875 0.1234375 0.2171875 0.1234375 0.3265625 0.1953125 0.3265625 0.1953125 0.2171875
1 0.1015625 0.3234375 0.0359375 0.3234375 0.0359375 0.4296875 0.1015625 0.4296875 0.1015625 0.3234375
1 0.18125 0.4234375 0.1234375 0.4234375 0.1234375 0.5140625 0.18125 0.5140625 0.18125 0.4234375
1 0.2171875 0.540625 0.159375 0.540625 0.159375 0.6390625 0.2171875 0.6390625 0.2171875 0.540625
1 0.2765625 0.6890625 0.221875 0.6890625 0.221875 0.784375 0.2765625 0.784375 0.2765625 0.6890625
1 0.3671875 0.55625 0.3296875 0.55625 0.3296875 0.6234375 0.3671875 0.6234375 0.3671875 0.55625
1 0.415625 0.678125 0.3578125 0.678125 0.3578125 0.7453125 0.415625 0.7453125 0.415625 0.678125
1 0.1265625 0.7203125 0.0875 0.7203125 0.0875 0.8015625 0.1265625 0.8015625 0.1265625 0.7203125
1 0.0671875 0.9015625 0.0359375 0.9015625 0.0359375 0.9796875 0.0671875 0.9796875 0.0671875 0.9015625
1 0.103125 1 0.103125 0.9390625 0.0671875 0.9390625 0.0671875 1 0.103125 1
1 0.2984375 0.859375 0.2578125 0.859375 0.2578125 0.94375 0.2984375 0.94375 0.2984375 0.859375
1 0.365625 0.7828125 0.3125 0.7828125 0.3125 0.8734375 0.365625 0.8734375 0.365625 0.7828125
1 0.4921875 0.7921875 0.453125 0.7921875 0.453125 0.884375 0.4921875 0.884375 0.4921875 0.7921875
1 0.5234375 0.8390625 0.4859375 0.8390625 0.4859375 0.93125 0.5234375 0.93125 0.5234375 0.8390625
1 0.578125 0.7140625 0.53125 0.7140625 0.53125 0.83125 0.578125 0.83125 0.578125 0.7140625
1 0.9921875 0.3015625 0.9390625 0.3015625 0.9390625 0.3703125 0.9921875 0.3703125 0.9921875 0.3015625
1 0.9953125 0.3703125 0.9421875 0.3703125 0.9421875 0.4546875 0.9953125 0.4546875 0.9953125 0.3703125
1 0.875 0.6703125 0.828125 0.6703125 0.828125 0.7734375 0.875 0.7734375 0.875 0.6703125
1 0.9421875 0.696875 0.88125 0.696875 0.88125 0.8078125 0.9421875 0.8078125 0.9421875 0.696875
1 0.9203125 0.8359375 0.8796875 0.8359375 0.8796875 0.925 0.9203125 0.925 0.9203125 0.8359375
1 0.99375 0.871875 0.9515625 0.871875 0.9515625 0.946875 0.99375 0.946875 0.99375 0.871875
1 0.7703125 0.6875 0.7265625 0.6875 0.7265625 0.7546875 0.7703125 0.7546875 0.7703125 0.6875
1 0.6328125 0.696875 0.5859375 0.696875 0.5859375 0.7546875 0.6328125 0.7546875 0.6328125 0.696875
1 0.6390625 0.7609375 0.5953125 0.7609375 0.5953125 0.80625 0.6390625 0.80625 0.6390625 0.7609375
1 0.43125 0.9125 0.3953125 0.9125 0.3953125 0.9953125 0.43125 0.9953125 0.43125 0.9125
1 0.3859375 0.865625 0.346875 0.865625 0.346875 0.9140625 0.3859375 0.9140625 0.3859375 0.865625
1 0.371875 0.9265625 0.3359375 0.9265625 0.3359375 0.9984375 0.371875 0.9984375 0.371875 0.9265625
1 0.1859375 0.9296875 0.1671875 0.9296875 0.1671875 0.9953125 0.1859375 0.9953125 0.1859375 0.9296875
1 0.1453125 0.9 0.1171875 0.9 0.1171875 0.95625 0.1453125 0.95625 0.1453125 0.9
1 0.084375 0.6140625 0.0515625 0.6140625 0.0515625 0.68125 0.084375 0.68125 0.084375 0.6140625
1 0.1859375 0.859375 0.1546875 0.859375 0.1546875 0.9046875 0.1859375 0.9046875 0.1859375 0.859375
1 0.1484375 0.8328125 0.1171875 0.8328125 0.1171875 0.89375 0.1484375 0.89375 0.1484375 0.8328125
1 0.1734375 0.796875 0.1453125 0.796875 0.1453125 0.8640625 0.1734375 0.8640625 0.1734375 0.796875
1 0.734375 0.7546875 0.690625 0.7546875 0.690625 0.8421875 0.734375 0.8421875 0.734375 0.7546875
1 0.8046875 0.78125 0.775 0.78125 0.775 0.890625 0.8046875 0.890625 0.8046875 0.78125
1 0.7828125 0.80625 0.7546875 0.80625 0.7546875 0.853125 0.7828125 0.853125 0.7828125 0.80625
1 0.6671875 0.8125 0.596875 0.8125 0.596875 0.86875 0.6671875 0.86875 0.6671875 0.8125
1 0.6515625 0.8578125 0.6203125 0.8578125 0.6203125 0.921875 0.6515625 0.921875 0.6515625 0.8578125
1 0.6046875 1 0.6046875 0.95625 0.540625 0.95625 0.540625 1 0.6046875 1
1 0.31875 0.5515625 0.2703125 0.5515625 0.2703125 0.6640625 0.31875 0.6640625 0.31875 0.5515625
1 0.471875 0.3578125 0.4375 0.3578125 0.4375 0.4359375 0.471875 0.4359375 0.471875 0.3578125
1 0 0.9703125 0.03125 0.9703125 0.03125 0.8828125 0 0.8828125 0 0.9703125
1 0.0765625 0.6859375 0.003125 0.6859375 0.003125 0.746875 0.0765625 0.746875 0.0765625 0.6859375