1 0.0828125 0.3046875 0.0578125 0.3046875 0.0578125 0.334375 0.0828125 0.334375 0.0828125 0.3046875
1 0.490625 0.26875 0.4703125 0.26875 0.4703125 0.3046875 0.490625 0.3046875 0.490625 0.26875
1 0.5171875 0.2578125 0.49375 0.2578125 0.49375 0.29375 0.5171875 0.29375 0.5171875 0.2578125
1 0.7484375 0.3640625 0.7203125 0.3640625 0.7203125 0.415625 0.7484375 0.415625 0.7484375 0.3640625
1 0.6421875 0.46875 0.6140625 0.46875 0.6140625 0.5015625 0.6421875 0.5015625 0.6421875 0.46875
1 0.6046875 0.4765625 0.5796875 0.4765625 0.5796875 0.515625 0.6046875 0.515625 0.6046875 0.4765625
1 0.5421875 0.4390625 0.521875 0.4390625 0.521875 0.475 0.5421875 0.475 0.5421875 0.4390625
1 0.5484375 0.478125 0.5203125 0.478125 0.5203125 0.509375 0.5484375 0.509375 0.5484375 0.478125
1 0.4953125 0.453125 0.4734375 0.453125 0.4734375 0.4796875 0.4953125 0.4796875 0.4953125 0.453125
1 0.515625 0.375 0.4890625 0.375 0.4890625 0.41875 0.515625 0.41875 0.515625 0.375
1 0.4703125 0.396875 0.45 0.396875 0.45 0.4265625 0.4703125 0.4265625 0.4703125 0.396875
1 0.4515625 0.4140625 0.4359375 0.4140625 0.4359375 0.4515625 0.4515625 0.4515625 0.4515625 0.4140625
1 0.434375 0.3 0.4078125 0.3 0.4078125 0.3390625 0.434375 0.3390625 0.434375 0.3
1 0.3765625 0.340625 0.3546875 0.340625 0.3546875 0.3640625 0.3765625 0.3640625 0.3765625 0.340625