1 0.2953125 1 0.2953125 0.9703125 0.2578125 0.9703125 0.2578125 1 0.2953125 1
1 0.45625 0.775 0.3953125 0.775 0.3953125 0.821875 0.45625 0.821875 0.45625 0.775
1 0.25 0.8171875 0.16875 0.8171875 0.16875 0.8390625 0.25 0.8390625 0.25 0.8171875
1 0.3609375 0.75 0.2828125 0.75 0.2828125 0.7828125 0.3609375 0.7828125 0.3609375 0.75
1 0.4921875 0.728125 0.396875 0.728125 0.396875 0.7625 0.4921875 0.7625 0.4921875 0.728125
1 0.146875 0.715625 0.0828125 0.715625 0.0828125 0.7703125 0.146875 0.7703125 0.146875 0.715625
1 0.571875 0.5625 0.503125 0.5625 0.503125 0.65625 0.571875 0.65625 0.571875 0.5625
1 0.709375 0.7265625 0.6234375 0.7265625 0.6234375 0.7734375 0.709375 0.7734375 0.709375 0.7265625
1 0.45625 0.4046875 0.3640625 0.4046875 0.3640625 0.4640625 0.45625 0.4640625 0.45625 0.4046875
1 0.790625 0.54375 0.6953125 0.54375 0.6953125 0.621875 0.790625 0.621875 0.790625 0.54375
1 0.590625 0.878125 0.515625 0.878125 0.515625 0.953125 0.590625 0.953125 0.590625 0.878125
1 0.65625 0.921875 0.6015625 0.921875 0.6015625 0.99375 0.65625 0.99375 0.65625 0.921875
1 0.175 0.934375 0.1390625 0.934375 0.1390625 0.975 0.175 0.975 0.175 0.934375
1 0.1421875 0.946875 0.103125 0.946875 0.103125 0.9734375 0.1421875 0.9734375 0.1421875 0.946875