1 0.9184615390624999 0.2713625859375 0.8923076921875 0.2713625859375 0.8923076921875 0.316397228125 0.9184615390624999 0.316397228125 0.9184615390624999 0.2713625859375
1 0.923846153125 0.3406466515625 0.8838461531249999 0.3406466515625 0.8838461531249999 0.39145496562500004 0.923846153125 0.39145496562500004 0.923846153125 0.3406466515625
1 0.9623076921875 0.4422632796875 0.9176923078125 0.4422632796875 0.9176923078125 0.48960739062499997 0.9623076921875 0.48960739062499997 0.9623076921875 0.4422632796875
1 0.8615384609375001 0.2898383375 0.8269230765625 0.2898383375 0.8269230765625 0.3406466515625 0.8615384609375001 0.3406466515625 0.8615384609375001 0.2898383375
1 0.863846153125 0.37528868437499996 0.83076923125 0.37528868437499996 0.83076923125 0.42263279374999996 0.863846153125 0.42263279374999996 0.863846153125 0.37528868437499996
1 0.7853846156250001 0.3602771359375 0.74923076875 0.3602771359375 0.74923076875 0.39953810624999997 0.7853846156250001 0.39953810624999997 0.7853846156250001 0.3602771359375
1 0.8369230765625 0.4330254046875 0.8184615390625 0.4330254046875 0.8184615390625 0.4618937640625 0.8369230765625 0.4618937640625 0.8369230765625 0.4330254046875
1 0.8507692312499999 0.4538106234375 0.834615384375 0.4538106234375 0.834615384375 0.47921478124999994 0.8507692312499999 0.47921478124999994 0.8507692312499999 0.4538106234375
1 0.8623076921875 0.47806004687500003 0.83923076875 0.47806004687500003 0.83923076875 0.505773671875 0.8623076921875 0.505773671875 0.8623076921875 0.47806004687500003
1 0.8184615390625 0.5334872984375 0.786153846875 0.5334872984375 0.786153846875 0.5715935328125 0.8184615390625 0.5715935328125 0.8184615390625 0.5334872984375
1 0.8223076921875 0.5935334875 0.8030769234375 0.5935334875 0.8030769234375 0.615473440625 0.8223076921875 0.615473440625 0.8223076921875 0.5935334875
1 0.7923076921875001 0.60508083125 0.7753846156249999 0.60508083125 0.7753846156249999 0.6374133953125 0.7923076921875001 0.6374133953125 0.7923076921875001 0.60508083125
1 0.7723076921875001 0.587759815625 0.745384615625 0.587759815625 0.745384615625 0.617782909375 0.7723076921875001 0.617782909375 0.7723076921875001 0.587759815625
1 0.7615384609375 0.5138568125 0.7376923078125001 0.5138568125 0.7376923078125001 0.5427251734375 0.7615384609375 0.5427251734375 0.7615384609375 0.5138568125
1 0.69923076875 0.4653579671875 0.6730769234375 0.4653579671875 0.6730769234375 0.49653579687500005 0.69923076875 0.49653579687500005 0.69923076875 0.4653579671875
1 0.703846153125 0.5484988453125 0.6853846156250001 0.5484988453125 0.6853846156250001 0.5739030015625 0.703846153125 0.5739030015625 0.703846153125 0.5484988453125
1 0.66923076875 0.5230946875 0.654615384375 0.5230946875 0.654615384375 0.5508083140625 0.66923076875 0.5508083140625 0.66923076875 0.5230946875
1 0.704615384375 0.585450346875 0.6730769234375 0.585450346875 0.6730769234375 0.616628175 0.704615384375 0.616628175 0.704615384375 0.585450346875
1 0.7276923078124999 0.6200923781250001 0.7146153843749999 0.6200923781250001 0.7146153843749999 0.6431870671875 0.7276923078124999 0.6431870671875 0.7276923078124999 0.6200923781250001
1 0.763846153125 0.6385681296875 0.745384615625 0.6385681296875 0.745384615625 0.6662817546875 0.763846153125 0.6662817546875 0.763846153125 0.6385681296875
1 0.6669230765624999 0.58198614375 0.65 0.58198614375 0.65 0.60508083125 0.6669230765624999 0.60508083125 0.6669230765624999 0.58198614375
1 0.6715384609374999 0.599307159375 0.6330769234375 0.599307159375 0.6330769234375 0.62355658125 0.6715384609374999 0.62355658125 0.6715384609374999 0.599307159375
1 0.6853846156250001 0.6362586609374999 0.6530769234375 0.6362586609374999 0.6530769234375 0.6628175515625 0.6853846156250001 0.6628175515625 0.6853846156250001 0.6362586609374999
1 0.66076923125 0.6662817546875 0.646153846875 0.6662817546875 0.646153846875 0.692840646875 0.66076923125 0.692840646875 0.66076923125 0.6662817546875
1 0.64076923125 0.6304849890625001 0.6238461531249999 0.6304849890625001 0.6238461531249999 0.6581986140625 0.64076923125 0.6581986140625 0.64076923125 0.6304849890625001
1 0.5315384609375 0.6570438796875 0.5084615390625 0.6570438796875 0.5084615390625 0.6882217093749999 0.5315384609375 0.6882217093749999 0.5315384609375 0.6570438796875
1 0.5815384609375001 0.6939953812499999 0.5623076921875 0.6939953812499999 0.5623076921875 0.7251732109375 0.5815384609375001 0.7251732109375 0.5815384609375001 0.6939953812499999
1 0.6176923078125001 0.692840646875 0.603846153125 0.692840646875 0.603846153125 0.724018475 0.6176923078125001 0.724018475 0.6176923078125001 0.692840646875
1 0.6307692312500001 0.7702078515624999 0.5969230765625 0.7702078515624999 0.5969230765625 0.7979214781249999 0.6307692312500001 0.7979214781249999 0.6307692312500001 0.7702078515624999
1 0.72923076875 0.70323325625 0.71 0.70323325625 0.71 0.7321016171875 0.72923076875 0.7321016171875 0.72923076875 0.70323325625
1 0.73076923125 0.7309468828125001 0.6984615390625 0.7309468828125001 0.6984615390625 0.7528868359375 0.73076923125 0.7528868359375 0.73076923125 0.7309468828125001
1 0.5338461531250001 0.8360277140625 0.514615384375 0.8360277140625 0.514615384375 0.8672055421874999 0.5338461531250001 0.8672055421874999 0.5338461531250001 0.8360277140625
1 0.565384615625 0.8314087765625 0.5415384609375 0.8314087765625 0.5415384609375 0.8591224015625001 0.565384615625 0.8591224015625001 0.565384615625 0.8314087765625
1 0.6207692312499999 0.884526559375 0.593846153125 0.884526559375 0.593846153125 0.914549653125 0.6207692312499999 0.914549653125 0.6207692312499999 0.884526559375
1 0.6576923078125 0.8325635109375 0.636153846875 0.8325635109375 0.636153846875 0.8660508078125 0.6576923078125 0.8660508078125 0.6576923078125 0.8325635109375
1 0.7246153843750001 0.8290993078125 0.7030769234375 0.8290993078125 0.7030769234375 0.8683602765625 0.7246153843750001 0.8683602765625 0.7246153843750001 0.8290993078125
1 0.746153846875 0.9561200921875 0.7146153843749999 0.9561200921875 0.7146153843749999 0.98383371875 0.746153846875 0.98383371875 0.746153846875 0.9561200921875
1 0.8207692312500001 0.975750578125 0.8038461531250001 0.975750578125 0.8038461531250001 0.9988452656250001 0.8207692312500001 0.9988452656250001 0.8207692312500001 0.975750578125