1 0.9053846156249999 0.218244803125 0.8784615390624999 0.218244803125 0.8784615390624999 0.2644341796875 0.9053846156249999 0.2644341796875 0.9053846156249999 0.218244803125
1 0.915384615625 0.288683603125 0.874615384375 0.288683603125 0.874615384375 0.3406466515625 0.915384615625 0.3406466515625 0.915384615625 0.288683603125
1 0.95923076875 0.384526559375 0.913846153125 0.384526559375 0.913846153125 0.4330254046875 0.95923076875 0.4330254046875 0.95923076875 0.384526559375
1 0.84923076875 0.24480369531249999 0.813846153125 0.24480369531249999 0.813846153125 0.295612009375 0.84923076875 0.295612009375 0.84923076875 0.24480369531249999
1 0.8569230765625001 0.3302540421875 0.8230769234374999 0.3302540421875 0.8230769234374999 0.3787528875 0.8569230765625001 0.3787528875 0.8569230765625001 0.3302540421875
1 0.7776923078125 0.3256351046875 0.74076923125 0.3256351046875 0.74076923125 0.3648960734375 0.7776923078125 0.3648960734375 0.7776923078125 0.3256351046875
1 0.8323076921875 0.39030023125 0.813846153125 0.39030023125 0.813846153125 0.419168590625 0.8323076921875 0.419168590625 0.8323076921875 0.39030023125
1 0.8476923078124999 0.409930715625 0.8315384609375001 0.409930715625 0.8315384609375001 0.43533487343750005 0.8476923078124999 0.43533487343750005 0.8476923078124999 0.409930715625
1 0.8607692312499999 0.4318706703125 0.8376923078124999 0.4318706703125 0.8376923078124999 0.45958429531249995 0.8607692312499999 0.45958429531249995 0.8607692312499999 0.4318706703125
1 0.8207692312500001 0.494226328125 0.7876923078125 0.494226328125 0.7876923078125 0.5334872984375 0.8207692312500001 0.5334872984375 0.8207692312500001 0.494226328125
1 0.8269230765625 0.5519630484375 0.8076923078125 0.5519630484375 0.8076923078125 0.5739030015625 0.8269230765625 0.5739030015625 0.8269230765625 0.5519630484375
1 0.7984615390625 0.5669745953125 0.7815384609375 0.5669745953125 0.7815384609375 0.599307159375 0.7984615390625 0.599307159375 0.7984615390625 0.5669745953125
1 0.7769230765625 0.5519630484375 0.75 0.5519630484375 0.75 0.583140878125 0.7769230765625 0.583140878125 0.7769230765625 0.5519630484375
1 0.7623076921874999 0.48036951562499997 0.7384615390625 0.48036951562499997 0.7384615390625 0.510392609375 0.7623076921874999 0.510392609375 0.7623076921874999 0.48036951562499997
1 0.6976923078125 0.4411085453125 0.6715384609374999 0.4411085453125 0.6715384609374999 0.47344110781250004 0.6976923078125 0.47344110781250004 0.6976923078125 0.4411085453125
1 0.7069230765625 0.521939953125 0.6884615390625 0.521939953125 0.6884615390625 0.5473441109375 0.7069230765625 0.5473441109375 0.7069230765625 0.521939953125
1 0.67076923125 0.50230946875 0.656153846875 0.50230946875 0.656153846875 0.5300230953125 0.67076923125 0.5300230953125 0.67076923125 0.50230946875
1 0.71 0.5600461890624999 0.6784615390625001 0.5600461890624999 0.6784615390625001 0.592378753125 0.71 0.592378753125 0.71 0.5600461890624999
1 0.734615384375 0.590069284375 0.7215384609375 0.590069284375 0.7215384609375 0.6131639718749999 0.734615384375 0.6131639718749999 0.734615384375 0.590069284375
1 0.7723076921875001 0.60508083125 0.753846153125 0.60508083125 0.753846153125 0.6327944578125 0.7723076921875001 0.6327944578125 0.7723076921875001 0.60508083125
1 0.6715384609374999 0.5612009234374999 0.654615384375 0.5612009234374999 0.654615384375 0.5842956125 0.6715384609374999 0.5842956125 0.6715384609374999 0.5612009234374999
1 0.6769230765625001 0.5785219406250001 0.6384615390625 0.5785219406250001 0.6384615390625 0.603926096875 0.6769230765625001 0.603926096875 0.6769230765625001 0.5785219406250001
1 0.693846153125 0.6120092374999999 0.6615384609375 0.6120092374999999 0.6615384609375 0.6397228640625 0.693846153125 0.6397228640625 0.693846153125 0.6120092374999999
1 0.67076923125 0.6454965359375 0.656153846875 0.6454965359375 0.656153846875 0.6720554265625001 0.67076923125 0.6720554265625001 0.67076923125 0.6454965359375
1 0.6484615390624999 0.6120092374999999 0.6315384609375 0.6120092374999999 0.6315384609375 0.6397228640625 0.6484615390624999 0.6397228640625 0.6484615390624999 0.6120092374999999
1 0.54076923125 0.6535796765625 0.5176923078125 0.6535796765625 0.5176923078125 0.68475750625 0.54076923125 0.68475750625 0.54076923125 0.6535796765625
1 0.593846153125 0.683602771875 0.574615384375 0.683602771875 0.574615384375 0.7147806 0.593846153125 0.7147806 0.593846153125 0.683602771875
1 0.6292307687500001 0.6778291000000001 0.615384615625 0.6778291000000001 0.615384615625 0.709006928125 0.6292307687500001 0.709006928125 0.6292307687500001 0.6778291000000001
1 0.6469230765625 0.7540415703125001 0.6130769234375 0.7540415703125001 0.6130769234375 0.7829099312500001 0.6469230765625 0.7829099312500001 0.6469230765625 0.7540415703125001
1 0.7415384609375 0.6732101609375001 0.7223076921875 0.6732101609375001 0.7223076921875 0.7020785218750001 0.7415384609375 0.7020785218750001 0.7415384609375 0.6732101609375001
1 0.743846153125 0.7009237875000001 0.7115384609375 0.7009237875000001 0.7115384609375 0.724018475 0.743846153125 0.724018475 0.743846153125 0.7009237875000001
1 0.554615384375 0.8314087765625 0.5353846156250001 0.8314087765625 0.5353846156250001 0.8625866046875 0.554615384375 0.8625866046875 0.554615384375 0.8314087765625
1 0.585384615625 0.823325634375 0.5615384609375 0.823325634375 0.5615384609375 0.8521939953125001 0.585384615625 0.8521939953125001 0.585384615625 0.823325634375
1 0.6430769234375 0.8683602765625 0.616153846875 0.8683602765625 0.616153846875 0.89953810625 0.6430769234375 0.89953810625 0.6430769234375 0.8683602765625
1 0.6776923078125 0.811778290625 0.656153846875 0.811778290625 0.656153846875 0.8452655890624999 0.6776923078125 0.8452655890624999 0.6776923078125 0.811778290625
1 0.7446153843750001 0.7990762124999999 0.7223076921875 0.7990762124999999 0.7223076921875 0.8383371828125 0.7446153843750001 0.8383371828125 0.7446153843750001 0.7990762124999999
1 0.7723076921875001 0.923787528125 0.74076923125 0.923787528125 0.74076923125 0.9526558890624999 0.7723076921875001 0.9526558890624999 0.7723076921875001 0.923787528125
1 0.8476923078124999 0.9330254046875 0.8315384609375001 0.9330254046875 0.8315384609375001 0.9607390296875 0.8476923078124999 0.9607390296875 0.8476923078124999 0.9330254046875