1 0.3815104171875 0.5037593984375001 0.3216145828125 0.5037593984375001 0.3216145828125 0.618421053125 0.3815104171875 0.618421053125 0.3815104171875 0.5037593984375001
1 0.5390625 0.6936090218750001 0.4713541671875 0.6936090218750001 0.4713541671875 0.7857142859375 0.5390625 0.7857142859375 0.5390625 0.6936090218750001
1 0.671875 0.1560150375 0.6145833328125 0.1560150375 0.6145833328125 0.27819548906249997 0.671875 0.27819548906249997 0.671875 0.1560150375
1 0.1671875 0.18671875 0.046875 0.1015625
1 0.13359375 0.29609375 0.04921875 0.1109375
1 0.3453125 0.21640625 0.04296875 0.09765625
1 0.3359375 0.346875 0.05078125 0.0640625
1 0.4234375 0.3109375 0.04453125 0.08828125
1 0.384375 0.3671875 0.05078125 0.07890625
1 0.39296875 0.42734375 0.06875 0.08671875
1 0.37265625 0.746875 0.053125 0.11640625
1 0.3140625 0.90703125 0.0546875 0.05859375
1 0.7640625 0.3390625 0.04921875 0.0921875
1 0.9046875 0.33359375 0.04921875 0.103125
1 0.6546875 0.5109375 0.05625 0.103125
1 0.56484375 0.55390625 0.04140625 0.0828125