1 0.98125 0.06328125 0.009375 0.0125
1 0.859375 0.17421875 0.01640625 0.02109375
1 0.6359375 0.55703125 0.0078125 0.01953125
1 0.6203125 0.5203125 0.009375 0.02109375
1 0.753125 0.54375 0.01171875 0.0171875
1 0.62890625 0.4640625 0.00703125 0.0109375
1 0.59609375 0.40859375 0.0140625 0.009375
1 0.596875 0.13828125 0.0109375 0.02421875
1 0.5890625 0.271875 0.0078125 0.015625
1 0.5921875 0.3734375 0.01015625 0.02109375
1 0.53125 0.4859375 0.00703125 0.0109375
1 0.49375 0.6375 0.00546875 0.0109375
1 0.48046875 0.55625 0.009375 0.009375
1 0.50390625 0.4265625 0.00859375 0.0109375
1 0.4796875 0.4359375 0.00703125 0.009375
1 0.43984375 0.39765625 0.00859375 0.01875
1 0.409375 0.45625 0.00703125 0.015625
1 0.375 0.39921875 0.00703125 0.01640625
1 0.353125 0.40859375 0.0078125 0.0125
1 0.221875 0.525 0.00859375 0.01171875
1 0.61640625 0.30703125 0.00625 0.01015625