1 0.3453125 0.63125 0.03515625 0.03359375
1 0.425 0.28046875 0.009375 0.01328125
1 0.590625 0.359375 0.00859375 0.0171875
1 0.61328125 0.359375 0.009375 0.01328125
1 0.5765625 0.42421875 0.01171875 0.01953125
1 0.59921875 0.41640625 0.01015625 0.01015625
1 0.63359375 0.39375 0.00859375 0.00703125
1 0.63125 0.459375 0.0078125 0.009375
1 0.65078125 0.4921875 0.00546875 0.01015625
1 0.6171875 0.48828125 0.00703125 0.0109375
1 0.571875 0.50703125 0.00546875 0.0109375
1 0.6234375 0.55625 0.00390625 0.00859375
1 0.70078125 0.34296875 0.00546875 0.009375
1 0.6859375 0.290625 0.0109375 0.009375
1 0.81875 0.19921875 0.00859375 0.0109375
1 0.82109375 0.184375 0.0125 0.0125
1 0.8875 0.2109375 0.0109375 0.00859375
1 0.74296875 0.196875 0.00703125 0.01015625
1 0.7921875 0.296875 0.009375 0.0078125