1 0.80625 0.11875 0.0109375 0.02265625
1 0.76953125 0.09453125 0.01015625 0.02265625
1 0.68828125 0.11953125 0.00859375 0.01171875
1 0.721875 0.20234375 0.0109375 0.0140625
1 0.67265625 0.2765625 0.0109375 0.02109375
1 0.5875 0.22421875 0.00625 0.01015625
1 0.565625 0.334375 0.01015625 0.01640625
1 0.7109375 0.540625 0.01171875 0.01171875
1 0.840625 0.51171875 0.0078125 0.01796875
1 0.70859375 0.55859375 0.00859375 0.0109375
1 0.565625 0.45859375 0.00546875 0.015625
1 0.6 0.425 0.00859375 0.01015625
1 0.55390625 0.4640625 0.00703125 0.01484375
1 0.47578125 0.3671875 0.009375 0.0203125
1 0.4703125 0.38671875 0.00703125 0.01171875
1 0.46328125 0.3671875 0.00859375 0.0125
1 0.41171875 0.4109375 0.00625 0.0125
1 0.4328125 0.5 0.0046875 0.009375
1 0.521875 0.48515625 0.00546875 0.00859375
1 0.42578125 0.66328125 0.00703125 0.01953125
1 0.30859375 0.43125 0.00546875 0.009375
1 0.21171875 0.625 0.00703125 0.01328125