1 0.62265625 0.11015625 0.015625 0.015625
1 0.56484375 0.290625 0.01171875 0.01796875
1 0.53671875 0.24453125 0.00859375 0.009375
1 0.559375 0.3484375 0.00859375 0.0109375
1 0.49453125 0.53828125 0.00625 0.01796875
1 0.5609375 0.41328125 0.0078125 0.0109375
1 0.60859375 0.38984375 0.0078125 0.0125
1 0.58515625 0.4578125 0.00859375 0.0109375
1 0.60078125 0.45078125 0.00859375 0.01171875
1 0.5984375 0.428125 0.00703125 0.009375
1 0.56640625 0.4453125 0.0078125 0.01796875
1 0.51328125 0.41484375 0.009375 0.0109375
1 0.48515625 0.39765625 0.00625 0.01171875
1 0.46953125 0.375 0.00625 0.01328125
1 0.43359375 0.36484375 0.00703125 0.01015625
1 0.45390625 0.36875 0.00703125 0.0078125
1 0.47265625 0.33203125 0.0078125 0.00703125
1 0.5 0.3375 0.00703125 0.01015625
1 0.5390625 0.51640625 0.00703125 0.009375