1 0.1078125 0.1859375 0.078125 0.1859375 0.078125 0.215625 0.1078125 0.215625 0.1078125 0.1859375
1 0.2234375 0.184375 0.190625 0.184375 0.190625 0.215625 0.2234375 0.215625 0.2234375 0.184375
1 0.0984375 0.4125 0.0734375 0.4125 0.0734375 0.446875 0.0984375 0.446875 0.0984375 0.4125
1 0.1765625 0.465625 0.1453125 0.465625 0.1453125 0.4984375 0.1765625 0.4984375 0.1765625 0.465625
1 0.15625 0.5328125 0.128125 0.5328125 0.128125 0.571875 0.15625 0.571875 0.15625 0.5328125
1 0.1953125 0.55 0.1625 0.55 0.1625 0.5796875 0.1953125 0.5796875 0.1953125 0.55
1 0.1078125 0.540625 0.08125 0.540625 0.08125 0.5640625 0.1078125 0.5640625 0.1078125 0.540625
1 0.0640625 0.540625 0.034375 0.540625 0.034375 0.5765625 0.0640625 0.5765625 0.0640625 0.540625
1 0.021875 0.5453125 0.003125 0.5453125 0.003125 0.584375 0.021875 0.584375 0.021875 0.5453125
1 0.0390625 0.540625 0.0203125 0.540625 0.0203125 0.584375 0.0390625 0.584375 0.0390625 0.540625
1 0.0875 0.534375 0.0625 0.534375 0.0625 0.56875 0.0875 0.56875 0.0875 0.534375
1 0.2390625 0.5203125 0.2046875 0.5203125 0.2046875 0.54375 0.2390625 0.54375 0.2390625 0.5203125
1 0.28125 0.2015625 0.25 0.2015625 0.25 0.234375 0.28125 0.234375 0.28125 0.2015625
1 0.2859375 0.2484375 0.2546875 0.2484375 0.2546875 0.275 0.2859375 0.275 0.2859375 0.2484375
1 0.3125 0.240625 0.275 0.240625 0.275 0.259375 0.3125 0.259375 0.3125 0.240625
1 0.3515625 0.240625 0.315625 0.240625 0.315625 0.28125 0.3515625 0.28125 0.3515625 0.240625
1 0.3140625 0.3 0.2828125 0.3 0.2828125 0.3546875 0.3140625 0.3546875 0.3140625 0.3
1 0.434375 0.3765625 0.3875 0.3765625 0.3875 0.4046875 0.434375 0.4046875 0.434375 0.3765625
1 0.378125 0.3453125 0.3328125 0.3453125 0.3328125 0.3671875 0.378125 0.3671875 0.378125 0.3453125
1 0.3734375 0.3 0.3296875 0.3 0.3296875 0.33125 0.3734375 0.33125 0.3734375 0.3
1 0.378125 0.265625 0.3453125 0.265625 0.3453125 0.3015625 0.378125 0.3015625 0.378125 0.265625
1 0.478125 0.3125 0.44375 0.3125 0.44375 0.3484375 0.478125 0.3484375 0.478125 0.3125
1 0.4234375 0.3078125 0.384375 0.3078125 0.384375 0.3359375 0.4234375 0.3359375 0.4234375 0.3078125
1 0.4296875 0.340625 0.3890625 0.340625 0.3890625 0.359375 0.4296875 0.359375 0.4296875 0.340625
1 0.2421875 0.5453125 0.2125 0.5453125 0.2125 0.571875 0.2421875 0.571875 0.2421875 0.5453125
1 0.2703125 0.521875 0.246875 0.521875 0.246875 0.565625 0.2703125 0.565625 0.2703125 0.521875
1 0.26875 0.6140625 0.253125 0.6140625 0.253125 0.64375 0.26875 0.64375 0.26875 0.6140625
1 0.296875 0.5921875 0.28125 0.5921875 0.28125 0.6328125 0.296875 0.6328125 0.296875 0.5921875
1 0.31875 0.596875 0.2984375 0.596875 0.2984375 0.6234375 0.31875 0.6234375 0.31875 0.596875
1 0.3109375 0.5171875 0.2875 0.5171875 0.2875 0.5484375 0.3109375 0.5484375 0.3109375 0.5171875
1 0.3296875 0.5140625 0.3015625 0.5140625 0.3015625 0.5578125 0.3296875 0.5578125 0.3296875 0.5140625
1 0.3484375 0.5234375 0.328125 0.5234375 0.328125 0.5578125 0.3484375 0.5578125 0.3484375 0.5234375
1 0.3734375 0.4734375 0.35 0.4734375 0.35 0.5078125 0.3734375 0.5078125 0.3734375 0.4734375
1 0.4046875 0.4578125 0.371875 0.4578125 0.371875 0.49375 0.4046875 0.49375 0.4046875 0.4578125
1 0.3515625 0.584375 0.328125 0.584375 0.328125 0.6203125 0.3515625 0.6203125 0.3515625 0.584375
1 0.3671875 0.590625 0.3515625 0.590625 0.3515625 0.61875 0.3671875 0.61875 0.3671875 0.590625
1 0.3765625 0.5734375 0.3609375 0.5734375 0.3609375 0.625 0.3765625 0.625 0.3765625 0.5734375
1 0.396875 0.5921875 0.3765625 0.5921875 0.3765625 0.6328125 0.396875 0.6328125 0.396875 0.5921875
1 0.421875 0.59375 0.4078125 0.59375 0.4078125 0.6234375 0.421875 0.6234375 0.421875 0.59375
1 0.4234375 0.521875 0.3890625 0.521875 0.3890625 0.55 0.4234375 0.55 0.4234375 0.521875
1 0.403125 0.50625 0.3828125 0.50625 0.3828125 0.525 0.403125 0.525 0.403125 0.50625
1 0.425 0.4921875 0.4046875 0.4921875 0.4046875 0.5234375 0.425 0.5234375 0.425 0.4921875
1 0.5015625 0.3390625 0.471875 0.3390625 0.471875 0.3671875 0.5015625 0.3671875 0.5015625 0.3390625
1 0.53125 0.3421875 0.4984375 0.3421875 0.4984375 0.36875 0.53125 0.36875 0.53125 0.3421875
1 0.55 0.359375 0.5140625 0.359375 0.5140625 0.39375 0.55 0.39375 0.55 0.359375
1 0.5859375 0.3921875 0.559375 0.3921875 0.559375 0.4234375 0.5859375 0.4234375 0.5859375 0.3921875
1 0.5546875 0.39375 0.5265625 0.39375 0.5265625 0.4296875 0.5546875 0.4296875 0.5546875 0.39375
1 0.5875 0.4484375 0.5640625 0.4484375 0.5640625 0.4734375 0.5875 0.4734375 0.5875 0.4484375
1 0.58125 0.4234375 0.5453125 0.4234375 0.5453125 0.459375 0.58125 0.459375 0.58125 0.4234375
1 0.6484375 0.440625 0.6203125 0.440625 0.6203125 0.465625 0.6484375 0.465625 0.6484375 0.440625
1 0.61875 0.4515625 0.59375 0.4515625 0.59375 0.484375 0.61875 0.484375 0.61875 0.4515625
1 0.4515625 0.5875 0.43125 0.5875 0.43125 0.61875 0.4515625 0.61875 0.4515625 0.5875
1 0.484375 0.5875 0.4578125 0.5875 0.4578125 0.63125 0.484375 0.63125 0.484375 0.5875
1 0.515625 0.6015625 0.49375 0.6015625 0.49375 0.6234375 0.515625 0.6234375 0.515625 0.6015625
1 0.503125 0.6015625 0.490625 0.6015625 0.490625 0.609375 0.503125 0.609375 0.503125 0.6015625
1 0.534375 0.5703125 0.5140625 0.5703125 0.5140625 0.61875 0.534375 0.61875 0.534375 0.5703125
1 0.55625 0.5890625 0.5375 0.5890625 0.5375 0.6234375 0.55625 0.6234375 0.55625 0.5890625
1 0.5671875 0.5765625 0.5484375 0.5765625 0.5484375 0.6078125 0.5671875 0.6078125 0.5671875 0.5765625
1 0.584375 0.6078125 0.5640625 0.6078125 0.5640625 0.628125 0.584375 0.628125 0.584375 0.6078125
1 0.60625 0.575 0.58125 0.575 0.58125 0.6015625 0.60625 0.6015625 0.60625 0.575
1 0.609375 0.596875 0.58125 0.596875 0.58125 0.6328125 0.609375 0.6328125 0.609375 0.596875
1 0.634375 0.5875 0.609375 0.5875 0.609375 0.6203125 0.634375 0.6203125 0.634375 0.5875
1 0.6546875 0.528125 0.6203125 0.528125 0.6203125 0.5515625 0.6546875 0.5515625 0.6546875 0.528125
1 0.6578125 0.5765625 0.63125 0.5765625 0.63125 0.609375 0.6578125 0.609375 0.6578125 0.5765625
1 0.64375 0.4703125 0.6140625 0.4703125 0.6140625 0.50625 0.64375 0.50625 0.64375 0.4703125
1 0.659375 0.496875 0.6296875 0.496875 0.6296875 0.509375 0.659375 0.509375 0.659375 0.496875
1 0.6671875 0.4578125 0.6453125 0.4578125 0.6453125 0.5 0.6671875 0.5 0.6671875 0.4578125
1 0.6921875 0.4796875 0.66875 0.4796875 0.66875 0.5109375 0.6921875 0.5109375 0.6921875 0.4796875
1 0.7171875 0.4515625 0.6953125 0.4515625 0.6953125 0.496875 0.7171875 0.496875 0.7171875 0.4515625
1 0.7375 0.4703125 0.7125 0.4703125 0.7125 0.49375 0.7375 0.49375 0.7375 0.4703125
1 0.75625 0.4734375 0.7296875 0.4734375 0.7296875 0.496875 0.75625 0.496875 0.75625 0.4734375
1 0.7890625 0.4640625 0.7546875 0.4640625 0.7546875 0.490625 0.7890625 0.490625 0.7890625 0.4640625
1 0.8171875 0.4546875 0.784375 0.4546875 0.784375 0.4828125 0.8171875 0.4828125 0.8171875 0.4546875
1 0.8421875 0.4609375 0.8125 0.4609375 0.8125 0.4828125 0.8421875 0.4828125 0.8421875 0.4609375
1 0.9390625 0.4578125 0.8859375 0.4578125 0.8859375 0.4890625 0.9390625 0.4890625 0.9390625 0.4578125
1 0.8828125 0.453125 0.85 0.453125 0.85 0.4875 0.8828125 0.4875 0.8828125 0.453125
1 0.8671875 0.48125 0.8375 0.48125 0.8375 0.5 0.8671875 0.5 0.8671875 0.48125
1 0.921875 0.48125 0.8890625 0.48125 0.8890625 0.509375 0.921875 0.509375 0.921875 0.48125
1 0.684375 0.5734375 0.665625 0.5734375 0.665625 0.6015625 0.684375 0.6015625 0.684375 0.5734375
1 0.6921875 0.6015625 0.6578125 0.6015625 0.6578125 0.6203125 0.6921875 0.6203125 0.6921875 0.6015625
1 0.728125 0.5984375 0.7 0.5984375 0.7 0.628125 0.728125 0.628125 0.728125 0.5984375
1 0.721875 0.578125 0.7015625 0.578125 0.7015625 0.6140625 0.721875 0.6140625 0.721875 0.578125
1 0.74375 0.5671875 0.7265625 0.5671875 0.7265625 0.6015625 0.74375 0.6015625 0.74375 0.5671875
1 0.7609375 0.5453125 0.74375 0.5453125 0.74375 0.5875 0.7609375 0.5875 0.7609375 0.5453125
1 0.7828125 0.5703125 0.759375 0.5703125 0.759375 0.6046875 0.7828125 0.6046875 0.7828125 0.5703125
1 0.790625 0.5421875 0.7703125 0.5421875 0.7703125 0.5859375 0.790625 0.5859375 0.790625 0.5421875
1 0.8234375 0.5234375 0.7859375 0.5234375 0.7859375 0.5703125 0.8234375 0.5703125 0.8234375 0.5234375
1 0.8390625 0.5 0.8234375 0.5 0.8234375 0.546875 0.8390625 0.546875 0.8390625 0.5
1 0.8703125 0.5296875 0.846875 0.5296875 0.846875 0.55625 0.8703125 0.55625 0.8703125 0.5296875
1 0.9109375 0.5171875 0.890625 0.5171875 0.890625 0.5484375 0.9109375 0.5484375 0.9109375 0.5171875
1 0.875 0.5046875 0.8421875 0.5046875 0.8421875 0.528125 0.875 0.528125 0.875 0.5046875