1 0.31532258125 0.4894117640625 0.22338709687499997 0.4894117640625 0.22338709687499997 0.6105882359375 0.31532258125 0.6105882359375 0.31532258125 0.4894117640625
1 0.2911290328125 0.2247058828125 0.2024193546875 0.2247058828125 0.2024193546875 0.377647059375 0.2911290328125 0.377647059375 0.2911290328125 0.2247058828125
1 0.0991935484375 0.3211764703125 0.0306451609375 0.3211764703125 0.0306451609375 0.4070588234375 0.0991935484375 0.4070588234375 0.0991935484375 0.3211764703125
1 0.1290322578125 0.6270588234375001 0.073387096875 0.6270588234375001 0.073387096875 0.7047058828125 0.1290322578125 0.7047058828125 0.1290322578125 0.6270588234375001
1 0.598387096875 0.4988235296875 0.5322580640625 0.4988235296875 0.5322580640625 0.5952941171874999 0.598387096875 0.5952941171874999 0.598387096875 0.4988235296875
1 0.7129032265624999 0.4270588234375 0.6443548390625 0.4270588234375 0.6443548390625 0.5152941171875 0.7129032265624999 0.5152941171875 0.7129032265624999 0.4270588234375
1 0.76532258125 0.665882353125 0.6927419359375 0.665882353125 0.6927419359375 0.7529411765625 0.76532258125 0.7529411765625 0.76532258125 0.665882353125
1 0.8346774187499999 0.8694117640625001 0.7677419359375001 0.8694117640625001 0.7677419359375001 0.9400000000000001 0.8346774187499999 0.9400000000000001 0.8346774187499999 0.8694117640625001
1 0.873387096875 0.2 0.763709678125 0.2 0.763709678125 0.27999999999999997 0.873387096875 0.27999999999999997 0.873387096875 0.2
1 0.5975806453125 0.0235294125 0.5338709671874999 0.0235294125 0.5338709671874999 0.13294117656249999 0.5975806453125 0.13294117656249999 0.5975806453125 0.0235294125
1 0.4935483875 0.5905882359375 0.43064516093750005 0.5905882359375 0.43064516093750005 0.66823529375 0.4935483875 0.66823529375 0.4935483875 0.5905882359375