1 0.0671875 0.2171875 0.021875 0.2171875 0.021875 0.2703125 0.0671875 0.2703125 0.0671875 0.2171875
1 0.1875 0.3796875 0.1265625 0.3796875 0.1265625 0.415625 0.1875 0.415625 0.1875 0.3796875
1 0.1234375 0.6125 0.0828125 0.6125 0.0828125 0.6578125 0.1234375 0.6578125 0.1234375 0.6125
1 0.20625 0.7171875 0.16875 0.7171875 0.16875 0.7546875 0.20625 0.7546875 0.20625 0.7171875
1 0.2828125 0.5484375 0.25 0.5484375 0.25 0.5921875 0.2828125 0.5921875 0.2828125 0.5484375
1 0.3203125 0.43125 0.2765625 0.43125 0.2765625 0.471875 0.3203125 0.471875 0.3203125 0.43125
1 0.425 0.265625 0.38125 0.265625 0.38125 0.30625 0.425 0.30625 0.425 0.265625
1 0.375 0.44375 0.340625 0.44375 0.340625 0.4859375 0.375 0.4859375 0.375 0.44375
1 0.3921875 0.575 0.34375 0.575 0.34375 0.6125 0.3921875 0.6125 0.3921875 0.575
1 0.396875 0.49375 0.353125 0.49375 0.353125 0.5390625 0.396875 0.5390625 0.396875 0.49375
1 0.45 0.4796875 0.4109375 0.4796875 0.4109375 0.5546875 0.45 0.5546875 0.45 0.4796875
1 0.5109375 0.44375 0.4625 0.44375 0.4625 0.4984375 0.5109375 0.4984375 0.5109375 0.44375
1 0.4984375 0.5359375 0.459375 0.5359375 0.459375 0.58125 0.4984375 0.58125 0.4984375 0.5359375
1 0.6046875 0.615625 0.565625 0.615625 0.565625 0.6609375 0.6046875 0.6609375 0.6046875 0.615625
1 0.6015625 0.453125 0.5609375 0.453125 0.5609375 0.5328125 0.6015625 0.5328125 0.6015625 0.453125
1 0.540625 0.5375 0.5046875 0.5375 0.5046875 0.590625 0.540625 0.590625 0.540625 0.5375
1 0.534375 0.459375 0.503125 0.459375 0.503125 0.5234375 0.534375 0.5234375 0.534375 0.459375
1 0.7453125 0.3796875 0.7046875 0.3796875 0.7046875 0.415625 0.7453125 0.415625 0.7453125 0.3796875
1 0.70625 0.484375 0.6390625 0.484375 0.6390625 0.528125 0.70625 0.528125 0.70625 0.484375
1 0.6609375 0.453125 0.6265625 0.453125 0.6265625 0.50625 0.6609375 0.50625 0.6609375 0.453125
1 0.6671875 0.634375 0.6390625 0.634375 0.6390625 0.675 0.6671875 0.675 0.6671875 0.634375
1 0.7828125 0.39375 0.7484375 0.39375 0.7484375 0.4421875 0.7828125 0.4421875 0.7828125 0.39375
1 0.8890625 0.5078125 0.8515625 0.5078125 0.8515625 0.5375 0.8890625 0.5375 0.8890625 0.5078125
1 1 0.471875 0.9546875 0.471875 0.9546875 0.5078125 1 0.5078125 1 0.471875