1 0.0921875 0.1921875 0.028125 0.1921875 0.028125 0.2609375 0.0921875 0.2609375 0.0921875 0.1921875
1 0.3734375 0.1328125 0.3078125 0.1328125 0.3078125 0.184375 0.3734375 0.184375 0.3734375 0.1328125
1 0.221875 0.3140625 0.1453125 0.3140625 0.1453125 0.3625 0.221875 0.3625 0.221875 0.3140625
1 0.1203125 0.40625 0.0671875 0.40625 0.0671875 0.4734375 0.1203125 0.4734375 0.1203125 0.40625
1 0.271875 0.5140625 0.2296875 0.5140625 0.2296875 0.575 0.271875 0.575 0.271875 0.5140625
1 0.2953125 0.3421875 0.2375 0.3421875 0.2375 0.396875 0.2953125 0.396875 0.2953125 0.3421875
1 0.3 0.4234375 0.2515625 0.4234375 0.2515625 0.4828125 0.3 0.4828125 0.3 0.4234375
1 0.390625 0.428125 0.33125 0.428125 0.33125 0.4953125 0.390625 0.4953125 0.390625 0.428125
1 0.4015625 0.65 0.334375 0.65 0.334375 0.6984375 0.4015625 0.6984375 0.4015625 0.65
1 0.446875 0.4859375 0.3984375 0.4859375 0.3984375 0.54375 0.446875 0.54375 0.446875 0.4859375
1 0.4828125 0.38125 0.421875 0.38125 0.421875 0.4375 0.4828125 0.4375 0.4828125 0.38125
1 0.515625 0.4234375 0.4734375 0.4234375 0.4734375 0.478125 0.515625 0.478125 0.515625 0.4234375
1 0.51875 0.5125 0.459375 0.5125 0.459375 0.584375 0.51875 0.584375 0.51875 0.5125
1 0.6078125 0.4484375 0.559375 0.4484375 0.559375 0.4984375 0.6078125 0.4984375 0.6078125 0.4484375
1 0.5984375 0.6203125 0.546875 0.6203125 0.546875 0.6890625 0.5984375 0.6890625 0.5984375 0.6203125
1 0.703125 0.66875 0.65 0.66875 0.65 0.709375 0.703125 0.709375 0.703125 0.66875
1 0.75 0.4828125 0.6859375 0.4828125 0.6859375 0.53125 0.75 0.53125 0.75 0.4828125
1 0.7078125 0.4375 0.6640625 0.4375 0.6640625 0.490625 0.7078125 0.490625 0.7078125 0.4375
1 0.8375 0.35625 0.7875 0.35625 0.7875 0.4015625 0.8375 0.4015625 0.8375 0.35625
1 0.821875 0.5015625 0.7640625 0.5015625 0.7640625 0.55625 0.821875 0.55625 0.821875 0.5015625
1 0.8921875 0.3875 0.8453125 0.3875 0.8453125 0.4578125 0.8921875 0.4578125 0.8921875 0.3875
1 0.9859375 0.2859375 0.9296875 0.2859375 0.9296875 0.34375 0.9859375 0.34375 0.9859375 0.2859375