1 0.2265625 0.2640625 0.165625 0.2640625 0.165625 0.315625 0.2265625 0.315625 0.2265625 0.2640625
1 0.2234375 0.375 0.18125 0.375 0.18125 0.4109375 0.2234375 0.4109375 0.2234375 0.375
1 0.184375 0.4390625 0.1515625 0.4390625 0.1515625 0.484375 0.184375 0.484375 0.184375 0.4390625
1 0.2765625 0.46875 0.2296875 0.46875 0.2296875 0.5 0.2765625 0.5 0.2765625 0.46875
1 0.3109375 0.5171875 0.2703125 0.5171875 0.2703125 0.5578125 0.3109375 0.5578125 0.3109375 0.5171875
1 0.2828125 0.546875 0.240625 0.546875 0.240625 0.5796875 0.2828125 0.5796875 0.2828125 0.546875
1 0.221875 0.7125 0.19375 0.7125 0.19375 0.75625 0.221875 0.75625 0.221875 0.7125
1 0.3828125 0.6140625 0.353125 0.6140625 0.353125 0.6390625 0.3828125 0.6390625 0.3828125 0.6140625
1 0.3828125 0.4734375 0.3484375 0.4734375 0.3484375 0.509375 0.3828125 0.509375 0.3828125 0.4734375
1 0.378125 0.3484375 0.3453125 0.3484375 0.3453125 0.3921875 0.378125 0.3921875 0.378125 0.3484375
1 0.4 0.44375 0.3546875 0.44375 0.3546875 0.478125 0.4 0.478125 0.4 0.44375
1 0.540625 0.471875 0.503125 0.471875 0.503125 0.5171875 0.540625 0.5171875 0.540625 0.471875
1 0.5765625 0.4125 0.5359375 0.4125 0.5359375 0.4546875 0.5765625 0.4546875 0.5765625 0.4125
1 0.790625 0.3375 0.75 0.3375 0.75 0.375 0.790625 0.375 0.790625 0.3375
1 0.6453125 0.275 0.5984375 0.275 0.5984375 0.3109375 0.6453125 0.3109375 0.6453125 0.275
1 0.9078125 0.0984375 0.865625 0.0984375 0.865625 0.1484375 0.9078125 0.1484375 0.9078125 0.0984375