1 0.9046875 0.0078125 0.8140625 0.0078125 0.8140625 0.115625 0.9046875 0.115625 0.9046875 0.0078125
1 0.90625 0.128125 0.796875 0.128125 0.796875 0.2140625 0.90625 0.2140625 0.90625 0.128125
1 0.9046875 0.228125 0.8078125 0.228125 0.8078125 0.346875 0.9046875 0.346875 0.9046875 0.228125
1 0.903125 0.3953125 0.85 0.3953125 0.85 0.45625 0.903125 0.45625 0.903125 0.3953125
1 0.775 0.35 0.6609375 0.35 0.6609375 0.4171875 0.775 0.4171875 0.775 0.35
1 0.71875 0.171875 0.634375 0.171875 0.634375 0.2375 0.71875 0.2375 0.71875 0.171875
1 0.6171875 0.0703125 0.4984375 0.0703125 0.4984375 0.15 0.6171875 0.15 0.6171875 0.0703125
1 0.5671875 0.2953125 0.5015625 0.2953125 0.5015625 0.353125 0.5671875 0.353125 0.5671875 0.2953125
1 0.4859375 0.3046875 0.3921875 0.3046875 0.3921875 0.3796875 0.4859375 0.3796875 0.4859375 0.3046875
1 0.6421875 0.4453125 0.5671875 0.4453125 0.5671875 0.4984375 0.6421875 0.4984375 0.6421875 0.4453125
1 0.725 0.5171875 0.6609375 0.5171875 0.6609375 0.56875 0.725 0.56875 0.725 0.5171875
1 0.83125 0.53125 0.7625 0.53125 0.7625 0.615625 0.83125 0.615625 0.83125 0.53125
1 0.85625 0.61875 0.771875 0.61875 0.771875 0.7046875 0.85625 0.7046875 0.85625 0.61875
1 0.753125 0.634375 0.625 0.634375 0.625 0.6796875 0.753125 0.6796875 0.753125 0.634375
1 0.6671875 0.7390625 0.6 0.7390625 0.6 0.8296875 0.6671875 0.8296875 0.6671875 0.7390625
1 0.578125 0.6859375 0.453125 0.6859375 0.453125 0.7734375 0.578125 0.7734375 0.578125 0.6859375
1 0.5859375 0.5640625 0.4953125 0.5640625 0.4953125 0.634375 0.5859375 0.634375 0.5859375 0.5640625
1 0.3640625 0.45625 0.296875 0.45625 0.296875 0.4953125 0.3640625 0.4953125 0.3640625 0.45625
1 0.3703125 0.534375 0.3 0.534375 0.3 0.5640625 0.3703125 0.5640625 0.3703125 0.534375
1 0.5140625 0.4546875 0.44375 0.4546875 0.44375 0.50625 0.5140625 0.50625 0.5140625 0.4546875
1 0.4578125 0.6484375 0.3953125 0.6484375 0.3953125 0.7015625 0.4578125 0.7015625 0.4578125 0.6484375
1 0.3875 0.721875 0.3203125 0.721875 0.3203125 0.778125 0.3875 0.778125 0.3875 0.721875
1 0.4234375 0.825 0.34375 0.825 0.34375 0.884375 0.4234375 0.884375 0.4234375 0.825
1 0.2859375 0.8171875 0.2328125 0.8171875 0.2328125 0.8625 0.2859375 0.8625 0.2859375 0.8171875
1 0.2859375 0.6828125 0.2109375 0.6828125 0.2109375 0.7453125 0.2859375 0.7453125 0.2859375 0.6828125
1 0.25625 0.55 0.175 0.55 0.175 0.5953125 0.25625 0.5953125 0.25625 0.55
1 0.1265625 0.5921875 0.078125 0.5921875 0.078125 0.6390625 0.1265625 0.6390625 0.1265625 0.5921875
1 0.1390625 0.6921875 0.0734375 0.6921875 0.0734375 0.7484375 0.1390625 0.7484375 0.1390625 0.6921875