1 0.81875 0.44375 0.7640625 0.44375 0.7640625 0.55625 0.81875 0.55625 0.81875 0.44375
1 0.725 0.390625 0.671875 0.390625 0.671875 0.48125 0.725 0.48125 0.725 0.390625
1 0.596875 0.33125 0.559375 0.33125 0.559375 0.4171875 0.596875 0.4171875 0.596875 0.33125
1 0.528125 0.2421875 0.4859375 0.2421875 0.4859375 0.3453125 0.528125 0.3453125 0.528125 0.2421875
1 0.465625 0.1828125 0.421875 0.1828125 0.421875 0.2546875 0.465625 0.2546875 0.465625 0.1828125
1 0.3984375 0.1234375 0.35 0.1234375 0.35 0.2 0.3984375 0.2 0.3984375 0.1234375
1 0.3296875 0.0390625 0.296875 0.0390625 0.296875 0.1296875 0.3296875 0.1296875 0.3296875 0.0390625
1 0.234375 0 0.234375 0.0625 0.303125 0.0625 0.303125 0 0.234375 0
1 0.6671875 0.5265625 0.6171875 0.5265625 0.6171875 0.6171875 0.6671875 0.6171875 0.6671875 0.5265625
1 0.528125 0.5703125 0.4625 0.5703125 0.4625 0.6703125 0.528125 0.6703125 0.528125 0.5703125
1 0.453125 0.6109375 0.4 0.6109375 0.4 0.7171875 0.453125 0.7171875 0.453125 0.6109375
1 0.3546875 0.690625 0.2921875 0.690625 0.2921875 0.7765625 0.3546875 0.7765625 0.3546875 0.690625
1 0.2625 0.721875 0.21875 0.721875 0.21875 0.821875 0.2625 0.821875 0.2625 0.721875
1 0.190625 0.8015625 0.1296875 0.8015625 0.1296875 0.8875 0.190625 0.8875 0.190625 0.8015625
1 0.0859375 0.8296875 0.0515625 0.8296875 0.0515625 0.9046875 0.0859375 0.9046875 0.0859375 0.8296875