1 0.6171875 0.5828125 0.590625 0.5828125 0.590625 0.6421875 0.6171875 0.6421875 0.6171875 0.5828125
1 0.4703125 0.4046875 0.415625 0.4046875 0.415625 0.4703125 0.4703125 0.4703125 0.4703125 0.4046875
1 0.525 0.496875 0.484375 0.496875 0.484375 0.5734375 0.525 0.5734375 0.525 0.496875
1 0.54375 0.56875 0.478125 0.56875 0.478125 0.634375 0.54375 0.634375 0.54375 0.56875
1 0.5046875 0.625 0.43125 0.625 0.43125 0.675 0.5046875 0.675 0.5046875 0.625
1 0.4859375 0.69375 0.43125 0.69375 0.43125 0.759375 0.4859375 0.759375 0.4859375 0.69375
1 0.434375 0.703125 0.396875 0.703125 0.396875 0.790625 0.434375 0.790625 0.434375 0.703125
1 0.4 0.690625 0.353125 0.690625 0.353125 0.7625 0.4 0.7625 0.4 0.690625
1 0.3734375 0.65625 0.321875 0.65625 0.321875 0.7328125 0.3734375 0.7328125 0.3734375 0.65625
1 0.290625 0.6890625 0.24375 0.6890625 0.24375 0.7484375 0.290625 0.7484375 0.290625 0.6890625
1 0.2390625 0.68125 0.19375 0.68125 0.19375 0.74375 0.2390625 0.74375 0.2390625 0.68125
1 0.1765625 0.6859375 0.1171875 0.6859375 0.1171875 0.7421875 0.1765625 0.7421875 0.1765625 0.6859375