1 0.4415384609375 0.325757575 0.3476923078125 0.325757575 0.3476923078125 0.4015151515625 0.4415384609375 0.4015151515625 0.4415384609375 0.325757575
1 0.30615384687499997 0.46212121249999993 0.23692307656249997 0.46212121249999993 0.23692307656249997 0.5328282828125 0.30615384687499997 0.5328282828125 0.30615384687499997 0.46212121249999993
1 0.204615384375 0.45707070781250003 0.1415384609375 0.45707070781250003 0.1415384609375 0.5227272734375 0.204615384375 0.5227272734375 0.204615384375 0.45707070781250003
1 0.15692307656249999 0.6035353531250001 0.08769230781250001 0.6035353531250001 0.08769230781250001 0.6616161609375 0.15692307656249999 0.6616161609375 0.15692307656249999 0.6035353531250001
1 0.275384615625 0.5984848484375 0.2015384609375 0.5984848484375 0.2015384609375 0.6464646468749999 0.275384615625 0.6464646468749999 0.275384615625 0.5984848484375
1 0.455384615625 0.696969696875 0.39076923125 0.696969696875 0.39076923125 0.752525253125 0.455384615625 0.752525253125 0.455384615625 0.696969696875
1 0.48461538437499996 0.553030303125 0.4276923078125 0.553030303125 0.4276923078125 0.6085858578125001 0.48461538437499996 0.6085858578125001 0.48461538437499996 0.553030303125
1 0.8969230765624999 0.5176767671875 0.8323076921875 0.5176767671875 0.8323076921875 0.59343434375 0.8969230765624999 0.59343434375 0.8969230765624999 0.5176767671875
1 0.8107692312499999 0.6818181812499999 0.75076923125 0.6818181812499999 0.75076923125 0.747474746875 0.8107692312499999 0.747474746875 0.8107692312499999 0.6818181812499999
1 0.42923076875 0.5126262625 0.3830769234375 0.5126262625 0.3830769234375 0.5631313125 0.42923076875 0.5631313125 0.42923076875 0.5126262625
1 0.9800000000000001 0.6414141421874999 0.926153846875 0.6414141421874999 0.926153846875 0.6944444437499999 0.9800000000000001 0.6944444437499999 0.9800000000000001 0.6414141421874999