1 0.6932203390625 0.0542168671875 0.6508474578125 0.0542168671875 0.6508474578125 0.14156626562500002 0.6932203390625 0.14156626562500002 0.6932203390625 0.0542168671875
1 0.6203389828125 0.1174698796875 0.5796610171875 0.1174698796875 0.5796610171875 0.19277108437499998 0.6203389828125 0.19277108437499998 0.6203389828125 0.1174698796875
1 0.583050846875 0.162650603125 0.5457627125 0.162650603125 0.5457627125 0.2289156625 0.583050846875 0.2289156625 0.583050846875 0.162650603125
1 0.5355932203125 0.2048192765625 0.49661016875 0.2048192765625 0.49661016875 0.27409638593749996 0.5355932203125 0.27409638593749996 0.5355932203125 0.2048192765625
1 0.48474576249999995 0.243975903125 0.4508474578125 0.243975903125 0.4508474578125 0.30120481875 0.48474576249999995 0.30120481875 0.48474576249999995 0.243975903125
1 0.428813559375 0.307228915625 0.3932203390625 0.307228915625 0.3932203390625 0.3734939765625 0.428813559375 0.3734939765625 0.428813559375 0.307228915625
1 0.3661016953125 0.337349396875 0.316949153125 0.337349396875 0.316949153125 0.421686746875 0.3661016953125 0.421686746875 0.3661016953125 0.337349396875
1 0.301694915625 0.39457831250000003 0.25254237343749997 0.39457831250000003 0.25254237343749997 0.4759036140625 0.301694915625 0.4759036140625 0.301694915625 0.39457831250000003
1 0.2389830515625 0.4457831328125 0.2 0.4457831328125 0.2 0.5240963859375001 0.2389830515625 0.5240963859375001 0.2389830515625 0.4457831328125
1 0.1915254234375 0.5512048187499999 0.1525423734375 0.5512048187499999 0.1525423734375 0.6234939765624999 0.1915254234375 0.6234939765624999 0.1915254234375 0.5512048187499999
1 0.11694915312500001 0.5451807234375 0.0779661015625 0.5451807234375 0.0779661015625 0.61445783125 0.11694915312500001 0.61445783125 0.11694915312500001 0.5451807234375
1 0.28983050781249997 0.57228915625 0.240677965625 0.57228915625 0.240677965625 0.6415662656250001 0.28983050781249997 0.6415662656250001 0.28983050781249997 0.57228915625
1 0.3322033890625 0.5813253015625001 0.29661016875 0.5813253015625001 0.29661016875 0.6415662656250001 0.3322033890625 0.6415662656250001 0.3322033890625 0.5813253015625001
1 0.430508475 0.6234939765624999 0.39661016875 0.6234939765624999 0.39661016875 0.6867469875000001 0.430508475 0.6867469875000001 0.430508475 0.6234939765624999
1 0.359322034375 0.6234939765624999 0.328813559375 0.6234939765624999 0.328813559375 0.67771084375 0.359322034375 0.67771084375 0.359322034375 0.6234939765624999
1 0.47288135625 0.6445783125 0.4457627125 0.6445783125 0.4457627125 0.7108433734374999 0.47288135625 0.7108433734374999 0.47288135625 0.6445783125
1 0.5525423734375 0.6415662656250001 0.5152542375 0.6415662656250001 0.5152542375 0.7138554218750001 0.5525423734375 0.7138554218750001 0.5525423734375 0.6415662656250001