1 0.26939970625 0.43603515625 0.2101024890625 0.43603515625 0.2101024890625 0.46875 0.26939970625 0.46875 0.26939970625 0.43603515625
1 0.5029282578125 0.4287109375 0.46925329375 0.4287109375 0.46925329375 0.44873046875 0.5029282578125 0.44873046875 0.5029282578125 0.4287109375
1 0.5197657390625 0.373046875 0.4648609078125 0.373046875 0.4648609078125 0.39501953125 0.5197657390625 0.39501953125 0.5197657390625 0.373046875
1 0.393850659375 0.38134765625 0.3521229875 0.38134765625 0.3521229875 0.40087890625 0.393850659375 0.40087890625 0.393850659375 0.38134765625
1 0.34040995625 0.41259765625 0.30234260625 0.41259765625 0.30234260625 0.42822265625 0.34040995625 0.42822265625 0.34040995625 0.41259765625
1 0.3521229875 0.4345703125 0.298682284375 0.4345703125 0.298682284375 0.45361328125 0.3521229875 0.45361328125 0.3521229875 0.4345703125
1 0.41654465625 0.4130859375 0.36896046875 0.4130859375 0.36896046875 0.43115234375 0.41654465625 0.43115234375 0.41654465625 0.4130859375
1 0.5534407031249999 0.39990234375 0.49853587031249996 0.39990234375 0.49853587031249996 0.4228515625 0.5534407031249999 0.4228515625 0.5534407031249999 0.39990234375
1 0.617862371875 0.4208984375 0.568081990625 0.4208984375 0.568081990625 0.4423828125 0.617862371875 0.4423828125 0.617862371875 0.4208984375
1 0.6046852125 0.3994140625 0.568081990625 0.3994140625 0.568081990625 0.41845703125 0.6046852125 0.41845703125 0.6046852125 0.3994140625
1 0.6698389453125 0.41650390625 0.627379209375 0.41650390625 0.627379209375 0.4345703125 0.6698389453125 0.4345703125 0.6698389453125 0.41650390625
1 0.6961932656250001 0.39404296875 0.646412884375 0.39404296875 0.646412884375 0.41259765625 0.6961932656250001 0.41259765625 0.6961932656250001 0.39404296875
1 0.7796486093749999 0.408203125 0.7159590046875 0.408203125 0.7159590046875 0.4306640625 0.7796486093749999 0.4306640625 0.7796486093749999 0.408203125