1 0.05390625 0.34765625 0.0859375 0.0671875
1 0.0890625 0.46171875 0.0703125 0.0578125
1 0.221875 0.4203125 0.065625 0.0671875
1 0.33359375 0.428125 0.0734375 0.0828125
1 0.31875 0.47421875 0.065625 0.071875
1 0.3859375 0.484375 0.0625 0.0421875
1 0.4765625 0.49453125 0.0734375 0.0625
1 0.465625 0.54375 0.065625 0.046875
1 0.409375 0.5640625 0.0703125 0.0671875
1 0.6390625 0.575 0.0578125 0.0359375
1 0.575 0.6109375 0.0546875 0.046875
1 0.5734375 0.6625 0.065625 0.0578125
1 0.5234375 0.74765625 0.05 0.0421875
1 0.7390625 0.65703125 0.065625 0.0578125
1 0.82421875 0.70859375 0.065625 0.046875
1 0.95 0.70078125 0.0625 0.0515625
1 0.88984375 0.85078125 0.05 0.0421875
1 0.95 0.8375 0.046875 0.046875