1 0.2140625 0.146875 0.190625 0.146875 0.190625 0.19375 0.2140625 0.19375 0.2140625 0.146875
1 0.25625 0.165625 0.2296875 0.165625 0.2296875 0.2125 0.25625 0.2125 0.25625 0.165625
1 0.615625 0.2625 0.590625 0.2625 0.590625 0.309375 0.615625 0.309375 0.615625 0.2625
1 0.6625 0.24375 0.640625 0.24375 0.640625 0.290625 0.6625 0.290625 0.6625 0.24375
1 0.459375 0.2421875 0.43125 0.2421875 0.43125 0.2921875 0.459375 0.2921875 0.459375 0.2421875
1 0.2828125 0.2828125 0.265625 0.2828125 0.265625 0.3265625 0.2828125 0.3265625 0.2828125 0.2828125
1 0.3609375 0.3640625 0.3390625 0.3640625 0.3390625 0.4140625 0.3609375 0.4140625 0.3609375 0.3640625
1 0.2109375 0.4421875 0.1859375 0.4421875 0.1859375 0.4890625 0.2109375 0.4890625 0.2109375 0.4421875
1 0.2953125 0.49375 0.275 0.49375 0.275 0.546875 0.2953125 0.546875 0.2953125 0.49375
1 0.609375 0.61875 0.5890625 0.61875 0.5890625 0.66875 0.609375 0.66875 0.609375 0.61875
1 0.265625 0.6734375 0.240625 0.6734375 0.240625 0.721875 0.265625 0.721875 0.265625 0.6734375