1 0.0984375 0.3109375 0.0109375 0.3109375 0.0109375 0.3875 0.0984375 0.3875 0.0984375 0.3109375
1 0.1234375 0.428125 0.0453125 0.428125 0.0453125 0.4953125 0.1234375 0.4953125 0.1234375 0.428125
1 0.25625 0.3859375 0.184375 0.3859375 0.184375 0.4578125 0.25625 0.4578125 0.25625 0.3859375
1 0.371875 0.3890625 0.2984375 0.3890625 0.2984375 0.4625 0.371875 0.4625 0.371875 0.3890625
1 0.35 0.434375 0.284375 0.434375 0.284375 0.5203125 0.35 0.5203125 0.35 0.434375
1 0.415625 0.4546875 0.3546875 0.4546875 0.3546875 0.509375 0.415625 0.509375 0.415625 0.4546875
1 0.5109375 0.4640625 0.4328125 0.4640625 0.4328125 0.53125 0.5109375 0.53125 0.5109375 0.4640625
1 0.496875 0.515625 0.425 0.515625 0.425 0.575 0.496875 0.575 0.496875 0.515625
1 0.4390625 0.5421875 0.378125 0.5421875 0.378125 0.6046875 0.4390625 0.6046875 0.4390625 0.5421875
1 0.6703125 0.5484375 0.603125 0.5484375 0.603125 0.5953125 0.6703125 0.5953125 0.6703125 0.5484375
1 0.6046875 0.5921875 0.55625 0.5921875 0.55625 0.63125 0.6046875 0.63125 0.6046875 0.5921875
1 0.603125 0.640625 0.540625 0.640625 0.540625 0.7046875 0.603125 0.7046875 0.603125 0.640625
1 0.546875 0.734375 0.503125 0.734375 0.503125 0.7734375 0.546875 0.7734375 0.546875 0.734375
1 0.775 0.6359375 0.715625 0.6359375 0.715625 0.690625 0.775 0.690625 0.775 0.6359375
1 0.85625 0.6921875 0.796875 0.6921875 0.796875 0.740625 0.85625 0.740625 0.85625 0.6921875
1 0.9875 0.66875 0.9171875 0.66875 0.9171875 0.73125 0.9875 0.73125 0.9875 0.66875
1 0.921875 0.8265625 0.8640625 0.8265625 0.8640625 0.86875 0.921875 0.86875 0.921875 0.8265625
1 0.9765625 0.821875 0.928125 0.821875 0.928125 0.8578125 0.9765625 0.8578125 0.9765625 0.821875