1 0.2796875 0.671875 0.215625 0.671875 0.215625 0.740625 0.2796875 0.740625 0.2796875 0.671875
1 0.365625 0.66875 0.2984375 0.66875 0.2984375 0.7484375 0.365625 0.7484375 0.365625 0.66875
1 0.471875 0.6421875 0.4140625 0.6421875 0.4140625 0.740625 0.471875 0.740625 0.471875 0.6421875
1 0.5203125 0.7546875 0.46875 0.7546875 0.46875 0.8234375 0.5203125 0.8234375 0.5203125 0.7546875
1 0.5515625 0.5609375 0.4984375 0.5609375 0.4984375 0.659375 0.5515625 0.659375 0.5515625 0.5609375
1 0.5671875 0.5109375 0.5265625 0.5109375 0.5265625 0.590625 0.5671875 0.590625 0.5671875 0.5109375
1 0.5859375 0.5640625 0.55 0.5640625 0.55 0.684375 0.5859375 0.684375 0.5859375 0.5640625
1 0.6890625 0.5234375 0.6234375 0.5234375 0.6234375 0.603125 0.6890625 0.603125 0.6890625 0.5234375
1 0.703125 0.4109375 0.6484375 0.4109375 0.6484375 0.4640625 0.703125 0.4640625 0.703125 0.4109375
1 0.71875 0.24375 0.684375 0.24375 0.684375 0.3265625 0.71875 0.3265625 0.71875 0.24375
1 0.6359375 0.1765625 0.559375 0.1765625 0.559375 0.2640625 0.6359375 0.2640625 0.6359375 0.1765625
1 0.5890625 0.2734375 0.5234375 0.2734375 0.5234375 0.3609375 0.5890625 0.3609375 0.5890625 0.2734375