1 0.89375 0.0578125 0.79375 0.0578125 0.79375 0.23125 0.89375 0.23125 0.89375 0.0578125
1 0.7796875 0.0953125 0.6625 0.0953125 0.6625 0.321875 0.7796875 0.321875 0.7796875 0.0953125
1 0.63125 0.065625 0.534375 0.065625 0.534375 0.2515625 0.63125 0.2515625 0.63125 0.065625
1 0.6125 0.225 0.4953125 0.225 0.4953125 0.3875 0.6125 0.3875 0.6125 0.225
1 0.5734375 0.3390625 0.484375 0.3390625 0.484375 0.4609375 0.5734375 0.4609375 0.5734375 0.3390625
1 0.546875 0.465625 0.446875 0.465625 0.446875 0.5515625 0.546875 0.5515625 0.546875 0.465625
1 0.49375 0.540625 0.396875 0.540625 0.396875 0.621875 0.49375 0.621875 0.49375 0.540625
1 0.453125 0.66875 0.3703125 0.66875 0.3703125 0.7265625 0.453125 0.7265625 0.453125 0.66875
1 0.4265625 0.5890625 0.35 0.5890625 0.35 0.659375 0.4265625 0.659375 0.4265625 0.5890625
1 0.44375 0.1046875 0.3375 0.1046875 0.3375 0.2609375 0.44375 0.2609375 0.44375 0.1046875
1 0.284375 0.146875 0.1296875 0.146875 0.1296875 0.309375 0.284375 0.309375 0.284375 0.146875
1 0.14375 0.3265625 0.009375 0.3265625 0.009375 0.471875 0.14375 0.471875 0.14375 0.3265625