1 0.58125 0.059375 0.5234375 0.059375 0.5234375 0.1421875 0.58125 0.1421875 0.58125 0.059375
1 0.4875 0.090625 0.421875 0.090625 0.421875 0.1890625 0.4875 0.1890625 0.4875 0.090625
1 0.45 0.0140625 0.384375 0.0140625 0.384375 0.075 0.45 0.075 0.45 0.0140625
1 0.4 0.040625 0.353125 0.040625 0.353125 0.1390625 0.4 0.1390625 0.4 0.040625
1 0.409375 0.171875 0.3609375 0.171875 0.3609375 0.259375 0.409375 0.259375 0.409375 0.171875
1 0.5640625 0.24375 0.50625 0.24375 0.50625 0.3421875 0.5640625 0.3421875 0.5640625 0.24375
1 0.5078125 0.259375 0.4421875 0.259375 0.4421875 0.3359375 0.5078125 0.3359375 0.5078125 0.259375
1 0.5140625 0.3609375 0.4515625 0.3609375 0.4515625 0.4375 0.5140625 0.4375 0.5140625 0.3609375
1 0.3515625 0.3671875 0.2796875 0.3671875 0.2796875 0.465625 0.3515625 0.465625 0.3515625 0.3671875
1 0.3390625 0.459375 0.2765625 0.459375 0.2765625 0.553125 0.3390625 0.553125 0.3390625 0.459375
1 0.275 0.56875 0.2234375 0.56875 0.2234375 0.6453125 0.275 0.6453125 0.275 0.56875
1 0.284375 0.6859375 0.2328125 0.6859375 0.2328125 0.7578125 0.284375 0.7578125 0.284375 0.6859375
1 0.271875 0.7265625 0.2203125 0.7265625 0.2203125 0.78125 0.271875 0.78125 0.271875 0.7265625
1 0.1859375 0.784375 0.13125 0.784375 0.13125 0.878125 0.1859375 0.878125 0.1859375 0.784375
1 0.246875 0.853125 0.20625 0.853125 0.20625 0.91875 0.246875 0.91875 0.246875 0.853125
1 0.3546875 0.809375 0.2921875 0.809375 0.2921875 0.8921875 0.3546875 0.8921875 0.3546875 0.809375
1 0.315625 0.9015625 0.2640625 0.9015625 0.2640625 0.95625 0.315625 0.95625 0.315625 0.9015625
1 0.346875 0.9328125 0.309375 0.9328125 0.309375 0.9875 0.346875 0.9875 0.346875 0.9328125
1 0.4203125 0.74375 0.3765625 0.74375 0.3765625 0.83125 0.4203125 0.83125 0.4203125 0.74375
1 0.3734375 0.6125 0.3265625 0.6125 0.3265625 0.7 0.3734375 0.7 0.3734375 0.6125
1 0.4484375 0.6234375 0.3859375 0.6234375 0.3859375 0.678125 0.4484375 0.678125 0.4484375 0.6234375
1 0.4375 0.4921875 0.3859375 0.4921875 0.3859375 0.546875 0.4375 0.546875 0.4375 0.4921875
1 0.5171875 0.44375 0.4625 0.44375 0.4625 0.53125 0.5171875 0.53125 0.5171875 0.44375
1 0.59375 0.5984375 0.5453125 0.5984375 0.5453125 0.6421875 0.59375 0.6421875 0.59375 0.5984375
1 0.6828125 0.653125 0.6390625 0.653125 0.6390625 0.7515625 0.6828125 0.7515625 0.6828125 0.653125
1 0.63125 0.78125 0.5875 0.78125 0.5875 0.8359375 0.63125 0.8359375 0.63125 0.78125
1 0.6390625 0.7109375 0.584375 0.7109375 0.584375 0.7875 0.6390625 0.7875 0.6390625 0.7109375
1 0.5078125 0.65625 0.453125 0.65625 0.453125 0.728125 0.5078125 0.728125 0.5078125 0.65625
1 0.4609375 0.7703125 0.40625 0.7703125 0.40625 0.8359375 0.4609375 0.8359375 0.4609375 0.7703125
1 0.5359375 0.8 0.4890625 0.8 0.4890625 0.871875 0.5359375 0.871875 0.5359375 0.8
1 0.5765625 0.7953125 0.5359375 0.7953125 0.5359375 0.85 0.5765625 0.85 0.5765625 0.7953125
1 0.6859375 0.8203125 0.63125 0.8203125 0.63125 0.88125 0.6859375 0.88125 0.6859375 0.8203125
1 0.6453125 0.8859375 0.6171875 0.8859375 0.6171875 0.925 0.6453125 0.925 0.6453125 0.8859375
1 0.515625 0.9046875 0.4640625 0.9046875 0.4640625 0.9765625 0.515625 0.9765625 0.515625 0.9046875
1 0.3921875 0.9546875 0.3546875 0.9546875 0.3546875 0.9875 0.3921875 0.9875 0.3921875 0.9546875
1 0.5625 0.7125 0.5265625 0.7125 0.5265625 0.740625 0.5625 0.740625 0.5625 0.7125
1 0.5796875 0.4828125 0.546875 0.4828125 0.546875 0.5328125 0.5796875 0.5328125 0.5796875 0.4828125