1 0.7640625 0.0859375 0.640625 0.0859375 0.640625 0.18125 0.7640625 0.18125 0.7640625 0.0859375
1 0.6609375 0.19375 0.5875 0.19375 0.5875 0.278125 0.6609375 0.278125 0.6609375 0.19375
1 0.5140625 0.1640625 0.421875 0.1640625 0.421875 0.2421875 0.5140625 0.2421875 0.5140625 0.1640625
1 0.559375 0.334375 0.46875 0.334375 0.46875 0.440625 0.559375 0.440625 0.559375 0.334375
1 0.7125 0.675 0.65 0.675 0.65 0.771875 0.7125 0.771875 0.7125 0.675
1 0.4453125 0.5453125 0.3578125 0.5453125 0.3578125 0.65 0.4453125 0.65 0.4453125 0.5453125
1 0.2453125 0.4671875 0.165625 0.4671875 0.165625 0.5390625 0.2453125 0.5390625 0.2453125 0.4671875
1 0.2859375 0.6265625 0.190625 0.6265625 0.190625 0.746875 0.2859375 0.746875 0.2859375 0.6265625
1 0.1390625 0.6046875 0.0359375 0.6046875 0.0359375 0.6828125 0.1390625 0.6828125 0.1390625 0.6046875
1 0 0.746875 0.0671875 0.746875 0.0671875 0.65 0 0.65 0 0.746875
1 0.159375 0.7375 0.08125 0.7375 0.08125 0.825 0.159375 0.825 0.159375 0.7375
1 0.2734375 0.9359375 0.175 0.9359375 0.175 0.9953125 0.2734375 0.9953125 0.2734375 0.9359375
1 0.65 1 0.65 0.95 0.578125 0.95 0.578125 1 0.65 1
1 0.684375 0.921875 0.6078125 0.921875 0.6078125 0.9875 0.684375 0.9875 0.684375 0.921875