1 0.4421875 0.325 0.378125 0.325 0.378125 0.40625 0.4421875 0.40625 0.4421875 0.325
1 0.525 0.496875 0.459375 0.496875 0.459375 0.56875 0.525 0.56875 0.525 0.496875
1 0.5859375 0.6375 0.5234375 0.6375 0.5234375 0.7109375 0.5859375 0.7109375 0.5859375 0.6375
1 0.46875 0.584375 0.4109375 0.584375 0.4109375 0.6671875 0.46875 0.6671875 0.46875 0.584375
1 0.44375 0.7 0.4 0.7 0.4 0.7390625 0.44375 0.7390625 0.44375 0.7
1 0.4375 0.759375 0.396875 0.759375 0.396875 0.809375 0.4375 0.809375 0.4375 0.759375
1 0.3921875 0.678125 0.3625 0.678125 0.3625 0.7375 0.3921875 0.7375 0.3921875 0.678125
1 0.3421875 0.65625 0.3125 0.65625 0.3125 0.715625 0.3421875 0.715625 0.3421875 0.65625
1 0.3171875 0.690625 0.2796875 0.690625 0.2796875 0.740625 0.3171875 0.740625 0.3171875 0.690625
1 0.253125 0.6234375 0.1875 0.6234375 0.1875 0.7109375 0.253125 0.7109375 0.253125 0.6234375
1 0.125 0.55625 0.0734375 0.55625 0.0734375 0.6125 0.125 0.6125 0.125 0.55625
1 0.1875 0.671875 0.165625 0.671875 0.165625 0.7484375 0.1875 0.7484375 0.1875 0.671875
1 0.228125 0.721875 0.190625 0.721875 0.190625 0.765625 0.228125 0.765625 0.228125 0.721875
1 0.25 0.7546875 0.2234375 0.7546875 0.2234375 0.8046875 0.25 0.8046875 0.25 0.7546875
1 0.18125 0.846875 0.140625 0.846875 0.140625 0.890625 0.18125 0.890625 0.18125 0.846875
1 0.371875 0.7234375 0.328125 0.7234375 0.328125 0.7953125 0.371875 0.7953125 0.371875 0.7234375