1 0.2140625 0.1453125 0.134375 0.1453125 0.134375 0.228125 0.2140625 0.228125 0.2140625 0.1453125
1 0.3109375 0.1671875 0.2453125 0.1671875 0.2453125 0.24375 0.3109375 0.24375 0.3109375 0.1671875
1 0.3484375 0.2765625 0.3046875 0.2765625 0.3046875 0.33125 0.3484375 0.33125 0.3484375 0.2765625
1 0.3390625 0.39375 0.2703125 0.39375 0.2703125 0.4546875 0.3390625 0.4546875 0.3390625 0.39375
1 0.1296875 0.5078125 0.0640625 0.5078125 0.0640625 0.584375 0.1296875 0.584375 0.1296875 0.5078125
1 0.31875 0.76875 0.253125 0.76875 0.253125 0.8234375 0.31875 0.8234375 0.31875 0.76875
1 0.38125 0.746875 0.31875 0.746875 0.31875 0.8125 0.38125 0.8125 0.38125 0.746875
1 0.471875 0.6609375 0.4234375 0.6609375 0.4234375 0.7046875 0.471875 0.7046875 0.471875 0.6609375
1 0.4125 0.5578125 0.3578125 0.5578125 0.3578125 0.628125 0.4125 0.628125 0.4125 0.5578125
1 0.4890625 0.546875 0.434375 0.546875 0.434375 0.61875 0.4890625 0.61875 0.4890625 0.546875
1 0.4734375 0.465625 0.4046875 0.465625 0.4046875 0.525 0.4734375 0.525 0.4734375 0.465625
1 0.465625 0.35 0.3890625 0.35 0.3890625 0.415625 0.465625 0.415625 0.465625 0.35
1 0.4765625 0.2625 0.4 0.2625 0.4 0.3171875 0.4765625 0.3171875 0.4765625 0.2625
1 0.43125 0.2 0.365625 0.2 0.365625 0.271875 0.43125 0.271875 0.43125 0.2
1 0.6140625 0.15 0.54375 0.15 0.54375 0.234375 0.6140625 0.234375 0.6140625 0.15
1 0.896875 0.125 0.8171875 0.125 0.8171875 0.196875 0.896875 0.196875 0.896875 0.125
1 0.746875 0.346875 0.678125 0.346875 0.678125 0.41875 0.746875 0.41875 0.746875 0.346875
1 0.6453125 0.30625 0.5796875 0.30625 0.5796875 0.3546875 0.6453125 0.3546875 0.6453125 0.30625
1 0.6265625 0.421875 0.5390625 0.421875 0.5390625 0.4546875 0.6265625 0.4546875 0.6265625 0.421875
1 0.53125 0.371875 0.465625 0.371875 0.465625 0.4375 0.53125 0.4375 0.53125 0.371875
1 0.5859375 0.465625 0.5390625 0.465625 0.5390625 0.525 0.5859375 0.525 0.5859375 0.465625
1 0.56875 0.5328125 0.5171875 0.5328125 0.5171875 0.5765625 0.56875 0.5765625 0.56875 0.5328125
1 0.55 0.63125 0.5015625 0.63125 0.5015625 0.6859375 0.55 0.6859375 0.55 0.63125
1 0.6734375 0.7046875 0.6046875 0.7046875 0.6046875 0.7546875 0.6734375 0.7546875 0.6734375 0.7046875
1 0.696875 0.5765625 0.6140625 0.5765625 0.6140625 0.6359375 0.696875 0.6359375 0.696875 0.5765625
1 0.796875 0.525 0.7203125 0.525 0.7203125 0.5859375 0.796875 0.5859375 0.796875 0.525
1 0.6953125 0.4328125 0.6328125 0.4328125 0.6328125 0.4984375 0.6953125 0.4984375 0.6953125 0.4328125
1 0.7421875 0.4125 0.690625 0.4125 0.690625 0.478125 0.7421875 0.478125 0.7421875 0.4125
1 0.878125 0.5140625 0.8203125 0.5140625 0.8203125 0.5734375 0.878125 0.5734375 0.878125 0.5140625
1 0.91875 0.4671875 0.8609375 0.4671875 0.8609375 0.521875 0.91875 0.521875 0.91875 0.4671875
1 0.975 0.50625 0.9203125 0.50625 0.9203125 0.571875 0.975 0.571875 0.975 0.50625
1 0.9375 0.71875 0.871875 0.71875 0.871875 0.7953125 0.9375 0.7953125 0.9375 0.71875
1 0.8203125 0.84375 0.7625 0.84375 0.7625 0.8828125 0.8203125 0.8828125 0.8203125 0.84375
1 0.7796875 0.778125 0.7109375 0.778125 0.7109375 0.828125 0.7796875 0.828125 0.7796875 0.778125