1 0.2890625 0.825 0.234375 0.825 0.234375 0.896875 0.2890625 0.896875 0.2890625 0.825
1 0.3234375 0.7296875 0.265625 0.7296875 0.265625 0.7734375 0.3234375 0.7734375 0.3234375 0.7296875
1 0.340625 0.5828125 0.2671875 0.5828125 0.2671875 0.6359375 0.340625 0.6359375 0.340625 0.5828125
1 0.3734375 0.49375 0.3 0.49375 0.3 0.5984375 0.3734375 0.5984375 0.3734375 0.49375
1 0.4015625 0.421875 0.346875 0.421875 0.346875 0.5015625 0.4015625 0.5015625 0.4015625 0.421875
1 0.4671875 0.4296875 0.4125 0.4296875 0.4125 0.4953125 0.4671875 0.4953125 0.4671875 0.4296875
1 0.521875 0.4640625 0.453125 0.4640625 0.453125 0.5359375 0.521875 0.5359375 0.521875 0.4640625
1 0.60625 0.6078125 0.5359375 0.6078125 0.5359375 0.6703125 0.60625 0.6703125 0.60625 0.6078125
1 0.6296875 0.4921875 0.5640625 0.4921875 0.5640625 0.565625 0.6296875 0.565625 0.6296875 0.4921875
1 0.675 0.4453125 0.6265625 0.4453125 0.6265625 0.5328125 0.675 0.5328125 0.675 0.4453125
1 0.7359375 0.5625 0.6625 0.5625 0.6625 0.6203125 0.7359375 0.6203125 0.7359375 0.5625
1 0.7890625 0.5953125 0.7125 0.5953125 0.7125 0.6609375 0.7890625 0.6609375 0.7890625 0.5953125
1 0.8421875 0.6484375 0.7796875 0.6484375 0.7796875 0.7078125 0.8421875 0.7078125 0.8421875 0.6484375