1 0.2625 0.325 0.10625 0.325 0.10625 0.4234375 0.2625 0.4234375 0.2625 0.325
1 0.340625 0.503125 0.234375 0.503125 0.234375 0.6125 0.340625 0.6125 0.340625 0.503125
1 0.50625 0.490625 0.4125 0.490625 0.4125 0.596875 0.50625 0.596875 0.50625 0.490625
1 0.4484375 0.29375 0.346875 0.29375 0.346875 0.3828125 0.4484375 0.3828125 0.4484375 0.29375
1 0.5609375 0.2890625 0.4796875 0.2890625 0.4796875 0.3953125 0.5609375 0.3953125 0.5609375 0.2890625
1 0.6796875 0.321875 0.5859375 0.321875 0.5859375 0.403125 0.6796875 0.403125 0.6796875 0.321875
1 0.7203125 0.4890625 0.6296875 0.4890625 0.6296875 0.5625 0.7203125 0.5625 0.7203125 0.4890625
1 0.9546875 0.4859375 0.8453125 0.4859375 0.8453125 0.5734375 0.9546875 0.5734375 0.9546875 0.4859375
1 0.9828125 0.3921875 0.884375 0.3921875 0.884375 0.4875 0.9828125 0.4875 0.9828125 0.3921875
1 0.8625 0.365625 0.7765625 0.365625 0.7765625 0.4546875 0.8625 0.4546875 0.8625 0.365625
1 0.771875 0.328125 0.6984375 0.328125 0.6984375 0.4484375 0.771875 0.4484375 0.771875 0.328125