1 0.8984375 0.1671875 0.8421875 0.1671875 0.8421875 0.2671875 0.8984375 0.2671875 0.8984375 0.1671875
1 0.8265625 0.190625 0.778125 0.190625 0.778125 0.3171875 0.8265625 0.3171875 0.8265625 0.190625
1 0.7890625 0.2359375 0.728125 0.2359375 0.728125 0.3296875 0.7890625 0.3296875 0.7890625 0.2359375
1 0.73125 0.2328125 0.6828125 0.2328125 0.6828125 0.3421875 0.73125 0.3421875 0.73125 0.2328125
1 0.6859375 0.215625 0.628125 0.215625 0.628125 0.325 0.6859375 0.325 0.6859375 0.215625
1 0.303125 0.3125 0.25625 0.3125 0.25625 0.4109375 0.303125 0.4109375 0.303125 0.3125
1 0.253125 0.2515625 0.1984375 0.2515625 0.1984375 0.3765625 0.253125 0.3765625 0.253125 0.2515625
1 0.175 0.2921875 0.1265625 0.2921875 0.1265625 0.3859375 0.175 0.3859375 0.175 0.2921875
1 0.13125 0.4046875 0.065625 0.4046875 0.065625 0.4984375 0.13125 0.4984375 0.13125 0.4046875
1 0.31875 0.440625 0.2671875 0.440625 0.2671875 0.5171875 0.31875 0.5171875 0.31875 0.440625
1 0.2625 0.4265625 0.21875 0.4265625 0.21875 0.5140625 0.2625 0.5140625 0.2625 0.4265625
1 0.259375 0.5359375 0.1875 0.5359375 0.1875 0.6125 0.259375 0.6125 0.259375 0.5359375
1 0.1671875 0.540625 0.1125 0.540625 0.1125 0.6234375 0.1671875 0.6234375 0.1671875 0.540625
1 0.2171875 0.4546875 0.1625 0.4546875 0.1625 0.509375 0.2171875 0.509375 0.2171875 0.4546875
1 0.2203125 0.390625 0.1546875 0.390625 0.1546875 0.4515625 0.2203125 0.4515625 0.2203125 0.390625