1 0.0984375 0.8734375 0.0171875 0.8734375 0.0171875 0.9875 0.0984375 0.9875 0.0984375 0.8734375
1 0.171875 0.803125 0.0828125 0.803125 0.0828125 0.8953125 0.171875 0.8953125 0.171875 0.803125
1 0.1609375 0.5890625 0.0703125 0.5890625 0.0703125 0.6921875 0.1609375 0.6921875 0.1609375 0.5890625
1 0.1171875 0.3953125 0.0140625 0.3953125 0.0140625 0.4875 0.1171875 0.4875 0.1171875 0.3953125
1 0.2328125 0.3703125 0.115625 0.3703125 0.115625 0.4890625 0.2328125 0.4890625 0.2328125 0.3703125
1 0.2234375 0.4859375 0.146875 0.4859375 0.146875 0.5625 0.2234375 0.5625 0.2234375 0.4859375
1 0.2171875 0.5484375 0.14375 0.5484375 0.14375 0.6359375 0.2171875 0.6359375 0.2171875 0.5484375
1 0.2984375 0.6515625 0.221875 0.6515625 0.221875 0.7328125 0.2984375 0.7328125 0.2984375 0.6515625
1 0.425 0.715625 0.3625 0.715625 0.3625 0.8140625 0.425 0.8140625 0.425 0.715625
1 0.8234375 0.759375 0.7171875 0.759375 0.7171875 0.846875 0.8234375 0.846875 0.8234375 0.759375
1 0.3046875 0.5140625 0.225 0.5140625 0.225 0.5796875 0.3046875 0.5796875 0.3046875 0.5140625
1 0.3125 0.38125 0.2421875 0.38125 0.2421875 0.4625 0.3125 0.4625 0.3125 0.38125
1 0.3484375 0.45 0.2890625 0.45 0.2890625 0.525 0.3484375 0.525 0.3484375 0.45
1 0.4578125 0.2734375 0.3515625 0.2734375 0.3515625 0.365625 0.4578125 0.365625 0.4578125 0.2734375
1 0.4828125 0.3703125 0.3984375 0.3703125 0.3984375 0.4515625 0.4828125 0.4515625 0.4828125 0.3703125
1 0.4359375 0.4890625 0.3734375 0.4890625 0.3734375 0.5703125 0.4359375 0.5703125 0.4359375 0.4890625
1 0.525 0.5046875 0.4625 0.5046875 0.4625 0.5921875 0.525 0.5921875 0.525 0.5046875
1 0.5703125 0.5 0.5234375 0.5 0.5234375 0.559375 0.5703125 0.559375 0.5703125 0.5
1 0.5515625 0.4484375 0.478125 0.4484375 0.478125 0.51875 0.5515625 0.51875 0.5515625 0.4484375
1 0.60625 0.440625 0.5296875 0.440625 0.5296875 0.5328125 0.60625 0.5328125 0.60625 0.440625
1 0.703125 0.4671875 0.6484375 0.4671875 0.6484375 0.5328125 0.703125 0.5328125 0.703125 0.4671875
1 0.8171875 0.3296875 0.6953125 0.3296875 0.6953125 0.3953125 0.8171875 0.3953125 0.8171875 0.3296875
1 0.7578125 0.3734375 0.665625 0.3734375 0.665625 0.465625 0.7578125 0.465625 0.7578125 0.3734375
1 0.8 0.4328125 0.740625 0.4328125 0.740625 0.509375 0.8 0.509375 0.8 0.4328125
1 0.86875 0.465625 0.809375 0.465625 0.809375 0.5203125 0.86875 0.5203125 0.86875 0.465625
1 0.8921875 0.3921875 0.8078125 0.3921875 0.8078125 0.4515625 0.8921875 0.4515625 0.8921875 0.3921875
1 0.9921875 0.3546875 0.9 0.3546875 0.9 0.409375 0.9921875 0.409375 0.9921875 0.3546875